%time,field.header.seq,field.header.stamp,field.pose.pose.position.x,field.pose.pose.position.y,field.pose.pose.position.z,field.pose.pose.orientation.x,field.pose.pose.orientation.y,field.pose.pose.orientation.z,field.pose.pose.orientation.w,field.twist.twist.linear.x,field.twist.twist.linear.y,field.twist.twist.linear.z,field.twist.twist.angular.x,field.twist.twist.angular.y,field.twist.twist.angular.z
1609056023386677000,0,1609056023386677000,0.0505348465655,-0.311477712309,1.10035851079,0.999934448771,0.00486972224498,0.00718632332586,-0.00746597096797,0.14456528499,-0.0676115987116,0.352178072354,0.0,0.0,0.0
1609056023486600000,1,1609056023486600000,0.0729976382091,-0.371710836744,1.37938308761,0.999937168511,0.00489808242149,0.00495031362413,-0.00878420248665,0.179903008023,-0.0740486751878,0.463341447222,0.0,0.0,0.0
1609056023586651000,2,1609056023586651000,0.0833206939484,-0.371835253342,1.41187441734,0.999941766938,0.00506711481434,0.00301792366658,-0.00903765556118,0.173910575328,-0.0691372901356,0.461407371128,0.0,0.0,0.0
1609056023686676000,3,1609056023686676000,0.0834580297364,-0.346623589943,1.35026807819,0.999944814425,0.00514380759633,0.00166936249711,-0.00900680727847,0.160912420285,-0.0634717590115,0.426144411374,0.0,0.0,0.0
1609056023786681000,4,1609056023786681000,0.105345666733,-0.358095883361,1.43507220859,0.999936779332,0.00505175503508,0.000148505151544,-0.010044653088,0.169528571543,-0.0597413392869,0.417217624209,0.0,0.0,0.0
1609056023886712000,5,1609056023886712000,0.102602689465,-0.331020197617,1.32572097395,0.999920525305,0.00510526831246,-0.00140030069091,-0.0114419608043,0.164904552992,-0.0470630310607,0.380860293644,0.0,0.0,0.0
1609056023986741000,6,1609056023986741000,0.118472849312,-0.337002007279,1.34309172148,0.999915045112,0.00504861298981,-0.00195548213911,-0.0118570719174,0.179919379439,-0.052189246787,0.355333216222,0.0,0.0,0.0
1609056024086772000,7,1609056024086772000,0.12636632503,-0.328510432739,1.32154263866,0.999931728737,0.00511283731222,-0.000215093847518,-0.0105047843063,0.186177175537,-0.0491370526976,0.333673425675,0.0,0.0,0.0
1609056024186830000,8,1609056024186830000,0.140746737025,-0.329974634472,1.34056901744,0.99993804679,0.00519583933553,0.0020769720566,-0.00962247483208,0.189643082199,-0.0467603333574,0.300879887223,0.0,0.0,0.0
1609056024286839000,9,1609056024286839000,0.158586979515,-0.331234570939,1.35978776233,0.999948103765,0.00535151960581,0.00388121306452,-0.00775159342425,0.193390220789,-0.0394268567366,0.281329641197,0.0,0.0,0.0
1609056024386852000,10,1609056024386852000,0.177528262593,-0.343918029762,1.41093917276,0.999941571575,0.00543319213482,0.00588164385382,-0.00726223964333,0.195401909327,-0.0372833753324,0.281081523813,0.0,0.0,0.0
1609056024486885000,11,1609056024486885000,0.204728657593,-0.356694922941,1.46458677725,0.99991451884,0.00531572298854,0.00705489517889,-0.00963984215136,0.200515610517,-0.0305900527314,0.297245125514,0.0,0.0,0.0
1609056024586936000,12,1609056024586936000,0.223580419335,-0.360761119319,1.48457876822,0.999892773419,0.00528529851255,0.00894563021971,-0.0103190592262,0.195457354375,-0.0296145501694,0.29780814699,0.0,0.0,0.0
1609056024686957000,13,1609056024686957000,0.239916968577,-0.362580387082,1.50377717607,0.999872288036,0.0052165830811,0.0104771170079,-0.010882320397,0.188392621164,-0.0350867984958,0.304055150384,0.0,0.0,0.0
1609056024787030000,14,1609056024787030000,0.247514665037,-0.355930966536,1.48275866793,0.999819497865,0.00520826140064,0.0150342586535,-0.0103834853633,0.173451379823,-0.0310288668839,0.315303799299,0.0,0.0,0.0
1609056024887071000,15,1609056024887071000,0.265534121539,-0.354368702224,1.5527945496,0.999742587026,0.00496093722284,0.0194355117991,-0.0106023426611,0.152624044339,-0.0265316537392,0.325415147065,0.0,0.0,0.0
1609056024987027000,16,1609056024987027000,0.282768352107,-0.364493637733,1.62981276596,0.999725399839,0.00485560469393,0.0213786628721,-0.00827652058715,0.124646107714,-0.0212366028589,0.340684087212,0.0,0.0,0.0
1609056025087047000,17,1609056025087047000,0.299862374245,-0.374522679076,1.69655568771,0.999712535899,0.00467410937234,0.0216541447415,-0.00917040258871,0.0965367795669,-0.024088770444,0.367405990848,0.0,0.0,0.0
1609056025187085000,18,1609056025187085000,0.308464700994,-0.38441794233,1.74956739409,0.999760196531,0.00460840419277,0.0190726441428,-0.00972349160431,0.0692380814403,-0.0235100362687,0.366048485026,0.0,0.0,0.0
1609056025287099000,19,1609056025287099000,0.31323580172,-0.384193647261,1.78761954906,0.999769123456,0.00459272891388,0.0176901109132,-0.0112989646333,0.0499690241265,-0.024754624483,0.419825454299,0.0,0.0,0.0
1609056025387125000,20,1609056025387125000,0.313050730403,-0.383003134529,1.81546824525,0.999777232693,0.00440920208045,0.0164934691219,-0.0124100524309,0.0274827112706,-0.0298209822021,0.42920974748,0.0,0.0,0.0
1609056025487212000,21,1609056025487212000,0.314316295739,-0.386800615834,1.85626915359,0.999770563874,0.00417294675929,0.0157995376855,-0.0138484921676,0.0106820415759,-0.040437178907,0.451966819458,0.0,0.0,0.0
1609056025587254000,22,1609056025587254000,0.314673886943,-0.391118163152,1.88486018681,0.99976481608,0.00406762449017,0.0155986516517,-0.0145068613338,-0.00319625924349,-0.0532162400479,0.451655384263,0.0,0.0,0.0
1609056025687253000,23,1609056025687253000,0.312695491736,-0.393934863084,1.91757758888,0.999768127585,0.00404539667976,0.0149536207958,-0.0149571072033,-0.0158726240749,-0.0651500466604,0.477058265855,0.0,0.0,0.0
1609056025787272000,24,1609056025787272000,0.304612935944,-0.397531878805,1.95739127504,0.999782377911,0.00410134698139,0.014947989555,-0.0139618544195,-0.0313103834997,-0.0772673441116,0.467467971331,0.0,0.0,0.0
1609056025887333000,25,1609056025887333000,0.300032688894,-0.4026173789,1.99154560557,0.999802116473,0.00415957425142,0.0152002313851,-0.0121399671894,-0.0461999837048,-0.0878649802016,0.466210770138,0.0,0.0,0.0
1609056025987396000,26,1609056025987396000,0.297555305328,-0.406938948004,2.0150623932,0.999806499488,0.0041114319696,0.0160434639259,-0.0106144699988,-0.0558082368381,-0.0914866572473,0.469397407856,0.0,0.0,0.0
1609056026087379000,27,1609056026087379000,0.289018904528,-0.412063802613,2.04524102891,0.999768577866,0.00410042729884,0.0178871846667,-0.0112261227571,-0.0729920597964,-0.0960673655448,0.474299087447,0.0,0.0,0.0
1609056026187387000,28,1609056026187387000,0.269471685998,-0.419001517557,2.08755637565,0.999744324863,0.00422142011925,0.0189691639163,-0.0115600751238,-0.097712417209,-0.0964335401704,0.470355322496,0.0,0.0,0.0
1609056026287412000,29,1609056026287412000,0.256870598958,-0.43020708236,2.12912038132,0.999737160682,0.00421488312125,0.0195382439516,-0.0112294850467,-0.122096472821,-0.107838344526,0.466068314803,0.0,0.0,0.0
1609056026387554000,30,1609056026387554000,0.243212974731,-0.443236404057,2.18266627098,0.999755666784,0.00409491224698,0.0196241945785,-0.00931286278489,-0.138480247962,-0.1163282599,0.455566824437,0.0,0.0,0.0
1609056026487501000,31,1609056026487501000,0.225606666832,-0.455739390852,2.2304621454,0.999759211363,0.00409953817227,0.0200264002846,-0.0079784943773,-0.157716990961,-0.116957034694,0.443807630068,0.0,0.0,0.0
1609056026587519000,32,1609056026587519000,0.207135155206,-0.466903371171,2.26515252767,0.999779921668,0.00428605018491,0.0196591649575,-0.00593761202138,-0.178275961447,-0.112221636361,0.432486295128,0.0,0.0,0.0
1609056026687569000,33,1609056026687569000,0.188122197098,-0.476837764425,2.30020320938,0.999801699137,0.00448576351251,0.0184781338366,-0.00591598666392,-0.194040669946,-0.114350934914,0.426529868429,0.0,0.0,0.0
1609056026787540000,34,1609056026787540000,0.165015224546,-0.486825472021,2.33809693561,0.99979934269,0.00457127998575,0.0180562160174,-0.00737230075933,-0.211001805633,-0.108926763396,0.43824566927,0.0,0.0,0.0
1609056026887629000,35,1609056026887629000,0.134379161079,-0.496748425545,2.38071335779,0.99980754774,0.00469143373481,0.0175457066293,-0.00741661046965,-0.228290559507,-0.106240641804,0.435880135231,0.0,0.0,0.0
1609056026987650000,36,1609056026987650000,0.0970819815552,-0.508225922517,2.43463446548,0.999835688846,0.00475344783951,0.0151260754587,-0.00878646026625,-0.243437039191,-0.106927787624,0.40726865614,0.0,0.0,0.0
1609056027087649000,37,1609056027087649000,0.0675720403868,-0.521126686532,2.48390024383,0.999868499115,0.00487290197583,0.0120420374279,-0.00970714370729,-0.250803785485,-0.10834781513,0.409169209826,0.0,0.0,0.0
1609056027187675000,38,1609056027187675000,0.0485648316545,-0.529329004994,2.52156046407,0.99988529439,0.0047627481069,0.0100826233072,-0.0102496342016,-0.247006138444,-0.118674202433,0.408437603087,0.0,0.0,0.0
1609056027287758000,39,1609056027287758000,0.0219807550437,-0.539195766507,2.55394847654,0.999909165677,0.0046298881722,0.00826777164658,-0.00958480475455,-0.242225236834,-0.115005744192,0.409027494694,0.0,0.0,0.0
1609056027387779000,40,1609056027387779000,-0.00759633488435,-0.552381170354,2.60025144699,0.999916260571,0.00455577928014,0.00540080745187,-0.0108419555261,-0.237724415957,-0.119348769097,0.384325005426,0.0,0.0,0.0
1609056027487817000,41,1609056027487817000,-0.0299849024499,-0.561207803312,2.62309500014,0.999944983486,0.00477702446735,0.00106132794184,-0.00927812593687,-0.216780581055,-0.123192242703,0.391416136038,0.0,0.0,0.0
1609056027587843000,42,1609056027587843000,-0.0471161589308,-0.567022668348,2.62948429988,0.999957751474,0.00501243501989,-0.00111533177041,-0.00762409321808,-0.188619765133,-0.121916294608,0.387878453342,0.0,0.0,0.0
1609056027687830000,43,1609056027687830000,-0.0675895023067,-0.57700889969,2.65209982398,0.999965935926,0.0051772344319,-0.00104625044972,-0.0063426012715,-0.164170999476,-0.120216028842,0.403510276906,0.0,0.0,0.0
1609056027787902000,44,1609056027787902000,-0.080058658746,-0.5874627068,2.67731815746,0.999975945413,0.00534845301977,0.000352616209616,-0.00440207981968,-0.136450429092,-0.110740583906,0.391048871976,0.0,0.0,0.0
1609056027887912000,45,1609056027887912000,-0.0932932681297,-0.598199817817,2.70790746867,0.999976854374,0.00532612219135,0.00142188370123,-0.00398765412146,-0.115383820788,-0.09951496019,0.382225704697,0.0,0.0,0.0
1609056027987916000,46,1609056027987916000,-0.110955942963,-0.606657405124,2.74882758643,0.999975975771,0.00522791714949,0.00202760229441,-0.00407499606295,-0.0966061327122,-0.0854311354632,0.402619213254,0.0,0.0,0.0
1609056028088013000,47,1609056028088013000,-0.126525537285,-0.617088151586,2.79881833695,0.999960881423,0.00512081558433,0.00367362562278,-0.00620623443676,-0.0846535528623,-0.072418159708,0.404471084805,0.0,0.0,0.0
1609056028187989000,48,1609056028187989000,-0.13548090175,-0.627846492058,2.84831324442,0.999950670872,0.00500703144436,0.00334050947552,-0.00790104136747,-0.0683376895366,-0.0715240988703,0.410923493806,0.0,0.0,0.0
1609056028287994000,49,1609056028287994000,-0.140872366878,-0.634765629661,2.88449637866,0.999941832226,0.00486614706098,0.0027388858225,-0.00922774518212,-0.0492619064414,-0.0717060049514,0.416206932748,0.0,0.0,0.0
1609056028388101000,50,1609056028388101000,-0.146643419257,-0.641308706314,2.92419694511,0.999945636216,0.00483535711723,0.00224170477534,-0.00896206976971,-0.0357966094691,-0.0669268619023,0.407544239018,0.0,0.0,0.0
1609056028488052000,51,1609056028488052000,-0.154174528422,-0.646037677888,2.95592103364,0.99997219394,0.00498484899127,0.00165225847883,-0.00529458865653,-0.0231224445294,-0.0538442798262,0.396640608757,0.0,0.0,0.0
1609056028588119000,52,1609056028588119000,-0.155344480557,-0.653074032323,2.99611012971,0.99997266185,0.00489179450755,0.00160083604039,-0.00530878738823,-0.00308928349439,-0.0394557614902,0.389353220752,0.0,0.0,0.0
1609056028688188000,53,1609056028688188000,-0.155596117043,-0.657149989232,3.03344043179,0.999965260974,0.00472531705889,0.00232941787407,-0.00645925974077,0.0171521894351,-0.0263031594157,0.398771351138,0.0,0.0,0.0
1609056028788159000,54,1609056028788159000,-0.154952136213,-0.660054509024,3.07276610907,0.999947502926,0.0046095164157,0.00573278186621,-0.00713294911765,0.0292905441839,-0.0167979119123,0.394683991111,0.0,0.0,0.0
1609056028888155000,55,1609056028888155000,-0.152787855749,-0.662627232893,3.11394947649,0.999933666606,0.00471257985553,0.00706036958955,-0.007784931551,0.0375027755526,-0.00384553359342,0.384715311956,0.0,0.0,0.0
1609056028988248000,56,1609056028988248000,-0.149972032936,-0.664958363057,3.1599645206,0.999921126548,0.00489430355951,0.00815976413462,-0.00819784884201,0.043786770235,0.00597302841776,0.392545546371,0.0,0.0,0.0
1609056029088279000,57,1609056029088279000,-0.160437594305,-0.663171308616,3.20697047649,0.999872954249,0.00500354492233,0.00927733449508,-0.0119570465947,0.0372873374897,0.0160070699342,0.385492070265,0.0,0.0,0.0
1609056029188304000,58,1609056029188304000,-0.149564074482,-0.664671475745,3.25510053357,0.99985785326,0.00518529669533,0.00749206665206,-0.0141864340013,0.0389172958208,0.0150492084245,0.339556900203,0.0,0.0,0.0
1609056029288360000,59,1609056029288360000,-0.143777348176,-0.663118244767,3.30166797464,0.999867807807,0.00529212185924,0.00539688553727,-0.014395623771,0.0413551610978,0.0154404692257,0.351415394331,0.0,0.0,0.0
1609056029388375000,60,1609056029388375000,-0.144429087025,-0.661287226905,3.33780228912,0.999854817097,0.00533201217808,0.00295401643337,-0.0159118873933,0.0562266637984,0.0144878629443,0.372223138628,0.0,0.0,0.0
1609056029488385000,61,1609056029488385000,-0.14349980006,-0.659103099341,3.37446349113,0.99984791126,0.00550789268734,0.0021658111989,-0.0164050824023,0.0718198864773,0.0071646432043,0.406483656934,0.0,0.0,0.0
1609056029588424000,62,1609056029588424000,-0.134920924084,-0.660209557531,3.41981426628,0.999841403775,0.00573436903931,0.00225553071454,-0.016709185824,0.0849215991601,0.00659786932256,0.410780539247,0.0,0.0,0.0
1609056029688453000,63,1609056029688453000,-0.124488717377,-0.663137825795,3.46677717445,0.999846102796,0.00579382766847,0.00202086318409,-0.0164352790157,0.100230180903,0.00353084622916,0.416999103667,0.0,0.0,0.0
1609056029788474000,64,1609056029788474000,-0.122032926892,-0.659809419748,3.48969515355,0.999863684726,0.00596509094598,0.00433247713357,-0.0147736013811,0.119490904165,-0.000200613152513,0.452029620874,0.0,0.0,0.0
1609056029888474000,65,1609056029888474000,-0.110956450828,-0.658995883315,3.5357880121,0.999860456277,0.00606152836494,0.00559786602035,-0.0145254859856,0.124365762676,0.00300025339047,0.438507359908,0.0,0.0,0.0
1609056029988532000,66,1609056029988532000,-0.0944467389841,-0.661285351155,3.60319742928,0.999871721942,0.00644960008156,0.00618816146378,-0.0132909359352,0.127194144294,0.00871126388065,0.4495658894,0.0,0.0,0.0
1609056030088539000,67,1609056030088539000,-0.0823850987834,-0.662036976855,3.65534513949,0.999862807986,0.00679371296033,0.0064009884743,-0.0136834943095,0.129545261218,0.0162385451362,0.460442385067,0.0,0.0,0.0
1609056030188578000,68,1609056030188578000,-0.0721720296159,-0.661914072887,3.70027132529,0.999845425151,0.00727966848837,0.0061316055429,-0.0147829511766,0.134399493052,0.0238526933369,0.455847282812,0.0,0.0,0.0
1609056030288624000,69,1609056030288624000,-0.0619524537825,-0.658913116993,3.74515599556,0.999810479668,0.00779248926292,0.00462416605644,-0.0172307557923,0.146579383254,0.0134031207107,0.473544795363,0.0,0.0,0.0
1609056030388625000,70,1609056030388625000,-0.0480965730562,-0.657941572718,3.79375420208,0.999793308412,0.0082350485432,0.00499382911079,-0.0179049183599,0.154607996122,0.0120037674563,0.476982603768,0.0,0.0,0.0
1609056030488733000,71,1609056030488733000,-0.0281612832783,-0.659658284641,3.84109274403,0.999758014542,0.00870121165795,0.00532269111141,-0.0194902599754,0.168844886001,0.00522692775886,0.488961429796,0.0,0.0,0.0
1609056030588671000,72,1609056030588671000,-0.0148200932187,-0.657988705748,3.88388001248,0.9997342165,0.00918022148352,0.00650849660577,-0.0201211173769,0.178786321165,-0.0131918602069,0.521356726441,0.0,0.0,0.0
1609056030688724000,73,1609056030688724000,-0.00085822713281,-0.657786173428,3.93859648281,0.999730378645,0.00961036733706,0.0114961134827,-0.0177383829242,0.179006645782,-0.00888446829849,0.517013514612,0.0,0.0,0.0
1609056030788757000,74,1609056030788757000,0.0197869743991,-0.663264552444,3.9960784264,0.999703490051,0.0110975059219,0.0122801965242,-0.0178598464521,0.17133005587,-0.00351852356766,0.51071638996,0.0,0.0,0.0
1609056030888828000,75,1609056030888828000,0.029418062799,-0.658589812336,4.05168840412,0.999633110445,0.0119601978785,0.0129397605816,-0.0205708717372,0.166436304297,-0.0233075265636,0.515140274774,0.0,0.0,0.0
1609056030988860000,76,1609056030988860000,0.046020868257,-0.658822244599,4.09942895161,0.999613148679,0.0120724113713,0.0117084328766,-0.0221522565641,0.16296700681,-0.0363107995497,0.482977202145,0.0,0.0,0.0
1609056031088869000,77,1609056031088869000,0.0614787067029,-0.662743613329,4.14961505149,0.999655635601,0.0122346095668,0.0129344401284,-0.0192775724317,0.159864224034,-0.0478287633579,0.470284333809,0.0,0.0,0.0
1609056031188920000,78,1609056031188920000,0.0758048928575,-0.668422403083,4.19922939757,0.999679690567,0.0123382895632,0.0131716446058,-0.0177423407809,0.153448769228,-0.0567546206205,0.447432264303,0.0,0.0,0.0
1609056031288939000,79,1609056031288939000,0.0899476116675,-0.674512823915,4.24707008018,0.999662713206,0.012422234328,0.0113211687297,-0.0197984610076,0.147550705514,-0.0660586636375,0.423006628467,0.0,0.0,0.0
1609056031389004000,80,1609056031389004000,0.115127177338,-0.688553533726,4.29362992481,0.999702530952,0.0144161198156,0.00656800923856,-0.0185441729845,0.156918004,-0.0720377742768,0.428001437993,0.0,0.0,0.0
1609056031489023000,81,1609056031489023000,0.136514949987,-0.701663824173,4.33220951791,0.999674026797,0.0160989456908,0.00522449162399,-0.019114622209,0.173432885961,-0.0902856653201,0.430697846116,0.0,0.0,0.0
1609056031588938000,82,1609056031588938000,0.142985950608,-0.705499504867,4.36133852857,0.999667312863,0.0172426882303,0.00645341498205,-0.0180639622302,0.183877062956,-0.104849738832,0.411797064918,0.0,0.0,0.0
1609056031689016000,83,1609056031689016000,0.158080873418,-0.717112019986,4.38998801335,0.999667284029,0.0188187886301,0.00788924741132,-0.0157776491005,0.189835165119,-0.104938872181,0.351226839441,0.0,0.0,0.0
1609056031789115000,84,1609056031789115000,0.164058142706,-0.724245732941,4.41990171164,0.999606508884,0.0216593664249,0.0103703582414,-0.0144967207505,0.189631439384,-0.118726769823,0.305360896534,0.0,0.0,0.0
1609056031889092000,85,1609056031889092000,0.179010669426,-0.732784651043,4.44603552942,0.999588336993,0.0229966427443,0.0125384959515,-0.0117088465963,0.188979504023,-0.126780292566,0.254947871063,0.0,0.0,0.0
1609056031989100000,86,1609056031989100000,0.19561005282,-0.743211830243,4.47182845194,0.999571014559,0.0242109440148,0.0143598802847,-0.00808769939467,0.181503081183,-0.121895863462,0.230462977814,0.0,0.0,0.0
1609056032089211000,87,1609056032089211000,0.207613995039,-0.754249159234,4.49234390203,0.999514489676,0.0250344618607,0.0158113881618,-0.00969848709402,0.168785829341,-0.117478015554,0.20584034985,0.0,0.0,0.0
1609056032189203000,88,1609056032189203000,0.22236369357,-0.76764395509,4.51906854144,0.999475625663,0.0256543754065,0.0161661075879,-0.0113570988091,0.15306421063,-0.125131930639,0.184788120698,0.0,0.0,0.0
1609056032289238000,89,1609056032289238000,0.23407012149,-0.78094958376,4.5485310861,0.999474142694,0.0259735454455,0.0155951783296,-0.0115586952411,0.13682665862,-0.132614828173,0.170942824131,0.0,0.0,0.0
1609056032389247000,90,1609056032389247000,0.245528269209,-0.795625044233,4.5840859529,0.999498203727,0.0262040923998,0.0137677069594,-0.0112754837088,0.124242080753,-0.135006297431,0.14964285055,0.0,0.0,0.0
1609056032489290000,91,1609056032489290000,0.253895263919,-0.810102377858,4.6140859795,0.999542422033,0.0264730611597,0.0106362327978,-0.0100495841176,0.117421175961,-0.140596927378,0.14132078452,0.0,0.0,0.0
1609056032589281000,92,1609056032589281000,0.262672472571,-0.823536614134,4.63538119728,0.999563952722,0.0265658382851,0.00771872520043,-0.010323852769,0.118132965313,-0.146801049954,0.148329049934,0.0,0.0,0.0
1609056032689314000,93,1609056032689314000,0.274893558031,-0.834239804669,4.60774490931,0.99954517926,0.0264237539812,0.00828616187391,-0.0119398226612,0.123400702526,-0.141737858446,0.184085995269,0.0,0.0,0.0
1609056032789389000,94,1609056032789389000,0.286487271675,-0.846156003273,4.60061619337,0.999553122994,0.026241647149,0.00921040756231,-0.0109589534328,0.122017794743,-0.146570909822,0.126167452539,0.0,0.0,0.0
1609056032889427000,95,1609056032889427000,0.292736990591,-0.858228753857,4.62235488346,0.999539415682,0.0259519510814,0.0114012284844,-0.0108381143728,0.117020442054,-0.150289582768,0.102088099877,0.0,0.0,0.0
1609056032989422000,96,1609056032989422000,0.30237566764,-0.874136548764,4.63642964658,0.999531235677,0.0258420861641,0.0134151472949,-0.00946199304573,0.10699412551,-0.145359944123,0.108352932836,0.0,0.0,0.0
1609056033089445000,97,1609056033089445000,0.308445996602,-0.889729637946,4.65878559511,0.999561687948,0.0258888932055,0.0129645854267,-0.00617387404531,0.0912178211529,-0.149324547413,0.1187439213,0.0,0.0,0.0
1609056033189476000,98,1609056033189476000,0.310249388053,-0.902864338983,4.67083796809,0.999581127641,0.0260207699516,0.0126568110196,-0.000542153398011,0.0765319889639,-0.130160116443,0.138582318725,0.0,0.0,0.0
1609056033289476000,99,1609056033289476000,0.320296000859,-0.919292650212,4.67567462643,0.999576934775,0.0261058481479,0.0126009959982,-0.00237719535547,0.0679564019002,-0.109364195526,0.130507569971,0.0,0.0,0.0
1609056033389525000,100,1609056033389525000,0.318657390636,-0.927436476684,4.68759055999,0.999573103704,0.0263028857631,0.0124396215191,-0.00265035238861,0.0505940434845,-0.0965090149763,0.119166465691,0.0,0.0,0.0
1609056033489636000,101,1609056033489636000,0.319493987874,-0.934324514824,4.69603199179,0.999580248856,0.0265178170391,0.0116329058038,-0.000898319831028,0.0358057220806,-0.0800138249852,0.125543373366,0.0,0.0,0.0
1609056033589583000,102,1609056033589583000,0.322731220085,-0.940241532364,4.70080303277,0.999582465747,0.0267018337107,0.0110223092709,0.000644163343223,0.026433037806,-0.0549566566197,0.11664174508,0.0,0.0,0.0
1609056033689670000,103,1609056033689670000,0.325657881561,-0.945678994196,4.71192271754,0.999575799051,0.027252137223,0.0101659803722,0.00148182688358,0.0172079172148,-0.0333036594379,0.125133207611,0.0,0.0,0.0
1609056033789649000,104,1609056033789649000,0.326153994111,-0.946893927668,4.71821480547,0.999589548976,0.0274563286798,0.00803261105158,0.00153647404767,0.00953044261305,-0.0179019099694,0.121682069927,0.0,0.0,0.0
1609056033889706000,105,1609056033889706000,0.329316268649,-0.943237534138,4.71107614034,0.999547066079,0.0277403152262,0.00814557209704,0.00835387693401,0.000213352139721,0.0192847251589,0.127307644531,0.0,0.0,0.0
1609056033989708000,106,1609056033989708000,0.347178487076,-0.954028035151,4.72250183327,0.999377404173,0.032773530218,0.00875593314901,0.00969708103944,-0.01079401642,0.0745215807294,0.104712779888,0.0,0.0,0.0
1609056034089753000,107,1609056034089753000,0.358318220975,-0.958697363905,4.73535349624,0.999140349885,0.0385418699403,0.00784967633782,0.0130945818752,-0.0197430028264,0.11494992365,0.0964823628739,0.0,0.0,0.0
1609056034189808000,108,1609056034189808000,0.35647807023,-0.944707976685,4.74293221511,0.998885682046,0.0443719361856,0.00664716027115,0.0146403805437,-0.029301832266,0.168637785844,0.0884001020041,0.0,0.0,0.0
1609056034289825000,109,1609056034289825000,0.357477954125,-0.922083336321,4.74673597637,0.99864712811,0.0495871837909,0.0061214658944,0.0144066781909,-0.0427351883786,0.213925002159,0.0806664586217,0.0,0.0,0.0
1609056034389840000,110,1609056034389840000,0.351842377369,-0.900238598072,4.75264470204,0.998404378014,0.0551003473584,0.00493955100679,0.0113247745929,-0.0509378673882,0.266773798993,0.0677425002582,0.0,0.0,0.0
1609056034489849000,111,1609056034489849000,0.34554740384,-0.857102802895,4.74154615968,0.998113501678,0.0602298361889,0.00537160280723,0.0106278164759,-0.0609623097778,0.304812940722,0.0636098663164,0.0,0.0,0.0
1609056034589879000,112,1609056034589879000,0.328413731485,-0.818980358333,4.73840610265,0.997823845218,0.0646928103809,0.00678135576892,0.0107901535418,-0.0681241585961,0.345649197642,0.0606808887983,0.0,0.0,0.0
1609056034689949000,113,1609056034689949000,0.324967599984,-0.774841200418,4.74093200657,0.997468750803,0.0694759877612,0.00860792432428,0.0124531897528,-0.0799180637191,0.404048468655,0.0736244939579,0.0,0.0,0.0
1609056034789951000,114,1609056034789951000,0.308786210542,-0.728163496368,4.73915668642,0.997047830649,0.0748467122542,0.0114080372802,0.012784746717,-0.0987184348616,0.447168200172,0.0542523743013,0.0,0.0,0.0
1609056034890028000,115,1609056034890028000,0.301032008828,-0.673502945368,4.74128636225,0.996520094361,0.0815360421242,0.0133990996412,0.0109562538639,-0.120900255748,0.505464091606,0.0658806739959,0.0,0.0,0.0
1609056034990010000,116,1609056034990010000,0.291240766979,-0.618610566088,4.75031624917,0.996057933897,0.0873355587449,0.0127888864229,0.00880550307364,-0.145407860185,0.520775385741,0.0267593620609,0.0,0.0,0.0
1609056035090001000,117,1609056035090001000,0.277419745324,-0.549497005473,4.75190029378,0.995723926009,0.0918093349549,0.009756538299,0.00311755488435,-0.163309126897,0.563394683674,0.0455301563493,0.0,0.0,0.0
1609056035190045000,118,1609056035190045000,0.265969921203,-0.488735682909,4.75963813582,0.995345183873,0.0960445312216,0.00746274749769,-0.00277855409582,-0.17409203924,0.569910243985,0.0223138607206,0.0,0.0,0.0
1609056035290118000,119,1609056035290118000,0.253447459415,-0.412309175684,4.76015018657,0.995041131917,0.0992002455722,0.00393608107585,-0.00607983045496,-0.178549896193,0.581311865156,0.0188068638621,0.0,0.0,0.0
1609056035390149000,120,1609056035390149000,0.233704419432,-0.351410614671,4.76296473993,0.994772330769,0.101772220335,0.00117520337636,-0.0083092719833,-0.175821503784,0.579046181484,0.021472687776,0.0,0.0,0.0
1609056035490155000,121,1609056035490155000,0.225467479755,-0.282536707254,4.76623265477,0.994427747528,0.10514295556,-0.00178542309429,-0.00743142702904,-0.172876211627,0.612990563441,0.00855395827139,0.0,0.0,0.0
1609056035590203000,122,1609056035590203000,0.213405644998,-0.22673771487,4.77187472481,0.993709864626,0.111511697745,-0.00456994025623,-0.00921747562934,-0.148904389914,0.610423764821,0.0229982947061,0.0,0.0,0.0
1609056035690332000,123,1609056035690332000,0.200620748065,-0.158075085513,4.76665934671,0.993219709875,0.115856421981,-0.00530380581266,-0.0079854270759,-0.12598944772,0.606972609675,0.0255065032108,0.0,0.0,0.0
1609056035790221000,124,1609056035790221000,0.189039049933,-0.0964903210953,4.76841234786,0.992689009912,0.120514884594,-0.00301365180336,-0.00596741935415,-0.104800927367,0.629531094605,0.0369856432877,0.0,0.0,0.0
1609056035890258000,125,1609056035890258000,0.173112594052,-0.031402754823,4.76928562271,0.992041723187,0.125633812237,3.26877835037e-05,-0.00832848189091,-0.0996213700831,0.628433741872,0.0364755360709,0.0,0.0,0.0
1609056035990316000,126,1609056035990316000,0.166002766454,0.0353400932363,4.77470556635,0.991538246727,0.129471323514,0.0012296227649,-0.00935786792659,-0.0910414956675,0.629936534493,0.0156106295711,0.0,0.0,0.0
1609056036090228000,127,1609056036090228000,0.156753321042,0.105492296419,4.77646735636,0.990951010086,0.133887935754,0.000851734236769,-0.00945467171939,-0.0810712071724,0.645672453331,0.0266555841184,0.0,0.0,0.0
1609056036190367000,128,1609056036190367000,0.150046664184,0.168609147797,4.77903526029,0.990243473536,0.139109972342,0.000353555543091,-0.00813349324096,-0.0773637909442,0.65471082289,0.0149140414762,0.0,0.0,0.0
1609056036290393000,129,1609056036290393000,0.14529883555,0.238166656813,4.78286776209,0.989333672357,0.145457054434,-0.00184710724081,-0.00759725279887,-0.0682728219591,0.673425027095,0.0245126762387,0.0,0.0,0.0
1609056036390540000,130,1609056036390540000,0.141644212171,0.306316135803,4.78553728311,0.988417136806,0.151398540575,-0.00658641899192,-0.00816484325356,-0.0451530761651,0.67046086277,0.0280244164862,0.0,0.0,0.0
1609056036490509000,131,1609056036490509000,0.14327049038,0.379748138103,4.79088601923,0.987758594239,0.155249914692,-0.011800705615,-0.00954813287022,-0.0112624106583,0.684145769293,0.069598263025,0.0,0.0,0.0
1609056036590545000,132,1609056036590545000,0.144574727569,0.447476841587,4.79947817297,0.986991126234,0.159648350782,-0.0137326972344,-0.0131275989632,0.0289180843172,0.694671420311,0.111417563396,0.0,0.0,0.0
1609056036690589000,133,1609056036690589000,0.150186270134,0.518097643946,4.81143165732,0.986308280444,0.163680751209,-0.0139312790817,-0.0145088618937,0.0636893644371,0.694059465606,0.121220517071,0.0,0.0,0.0
1609056036790613000,134,1609056036790613000,0.15763336083,0.586281542702,4.82256153718,0.985465181962,0.168450660655,-0.0136585336591,-0.0172103028166,0.098522678235,0.692354855731,0.134599242119,0.0,0.0,0.0
1609056036890591000,135,1609056036890591000,0.163739179992,0.652953028846,4.83288932407,0.984603687868,0.173524207395,-0.0113978438418,-0.0177487024821,0.122219553016,0.682425117286,0.117197294583,0.0,0.0,0.0
1609056036991088000,136,1609056036991088000,0.178316373494,0.724172403333,4.84401887224,0.983812996262,0.177969034831,-0.0110361495171,-0.0178105146484,0.150888163932,0.666446822048,0.102971518063,0.0,0.0,0.0
1609056037090640000,137,1609056037090640000,0.1969091113,0.802563078518,4.85049309077,0.983183867593,0.181686237476,-0.0125444149919,-0.0134993062543,0.173924667292,0.677009514527,0.0762269213873,0.0,0.0,0.0
1609056037190652000,138,1609056037190652000,0.218896274029,0.867609423096,4.85927736766,0.982290755253,0.186668711102,-0.0110751912126,-0.0117048955571,0.206505109127,0.696319858573,0.100661832785,0.0,0.0,0.0
1609056037290727000,139,1609056037290727000,0.248425395457,0.941410895223,4.86367969434,0.981340366823,0.191682359509,-0.00793776660283,-0.0128821332544,0.23992018061,0.694015885676,0.0999561713307,0.0,0.0,0.0
1609056037390774000,140,1609056037390774000,0.276886915512,1.01239635459,4.87287996713,0.980611095608,0.195637604918,-0.00395109295859,-0.01059224132,0.257588391394,0.69510476767,0.0843642229276,0.0,0.0,0.0
1609056037490846000,141,1609056037490846000,0.312621993755,1.09442490958,4.87712294184,0.97992686555,0.199201959021,-0.000445204485242,-0.00785617523524,0.270781041261,0.711339170559,0.0941980782551,0.0,0.0,0.0
1609056037590756000,142,1609056037590756000,0.341680248165,1.15665661088,4.88756962862,0.979100945771,0.203337232485,0.0035766699923,-0.00158597207139,0.262969048479,0.741452241198,0.119641176669,0.0,0.0,0.0
1609056037690847000,143,1609056037690847000,0.379894705649,1.23275336035,4.89431750168,0.977851441219,0.209178051716,0.00692629039354,0.00176863999518,0.25810270634,0.759106612564,0.0840966917563,0.0,0.0,0.0
1609056037790831000,144,1609056037790831000,0.399880649105,1.30998761202,4.90478347294,0.977296436695,0.211728656524,0.00709412684604,0.00351058316852,0.244310141089,0.766649482337,0.0516960178166,0.0,0.0,0.0
1609056037890845000,145,1609056037890845000,0.426871961784,1.38473106664,4.90822966687,0.977093006728,0.212661170675,0.00645469163273,0.00477699131853,0.228997654268,0.805913039427,0.0415199372343,0.0,0.0,0.0
1609056037990886000,146,1609056037990886000,0.450038261195,1.46140431881,4.91272894204,0.976622227767,0.214787761162,0.00809082357182,0.00312737276033,0.214616628177,0.830916952671,0.0263896601973,0.0,0.0,0.0
1609056038090949000,147,1609056038090949000,0.472261303723,1.54244679258,4.91507515489,0.976302692195,0.216221149905,0.00871385888428,0.00235291534475,0.197489268995,0.854551329914,0.00506734338125,0.0,0.0,0.0
1609056038190978000,148,1609056038190978000,0.492497174799,1.61700020789,4.91286484751,0.976028080837,0.217451892957,0.00908340017963,0.00116254390857,0.185490929803,0.867246637147,-0.00482564713455,0.0,0.0,0.0
1609056038290941000,149,1609056038290941000,0.512868137356,1.70293013692,4.91017848111,0.975783519101,0.21844851536,0.0112578245258,-0.000177126968658,0.161569072697,0.887780399634,-0.0466988451297,0.0,0.0,0.0
1609056038391033000,150,1609056038391033000,0.53173206668,1.79272979461,4.90459073213,0.97557816262,0.219324769706,0.0119697509943,-0.000786812307877,0.146095584077,0.895512241186,-0.0680185633027,0.0,0.0,0.0
1609056038491008000,151,1609056038491008000,0.563635074007,1.88659395059,4.90009604101,0.975669330846,0.218856443159,0.0130019987592,-0.001470429287,0.134032970265,0.916571853846,-0.0595402887153,0.0,0.0,0.0
1609056038591069000,152,1609056038591069000,0.582403843966,1.97472142768,4.89519144531,0.975450828294,0.219675916846,0.0144517103599,-0.00541490599377,0.103016018104,0.939688916505,-0.0345443521912,0.0,0.0,0.0
1609056038691068000,153,1609056038691068000,0.598011911902,2.0644217253,4.89411217256,0.9750215656,0.221483618319,0.0150846171164,-0.00709984215078,0.0807173492189,0.939211531134,-0.00762593374243,0.0,0.0,0.0
1609056038791513000,154,1609056038791513000,0.613534193627,2.15933317606,4.89234027582,0.974515026802,0.223517085082,0.0170257247919,-0.00840832375433,0.0545494929076,0.937033918241,-0.0089458897051,0.0,0.0,0.0
1609056038891114000,155,1609056038891114000,0.637546337026,2.23722202722,4.89620364619,0.973994030449,0.225628202878,0.0183503347581,-0.00952931948254,0.0374259183153,0.919581468036,-0.003473402949,0.0,0.0,0.0
1609056038991585000,156,1609056038991585000,0.644733054076,2.32424286699,4.89585248909,0.973078653286,0.22940978987,0.0196421830028,-0.0101620606712,-0.00901981436949,0.929661471916,-0.016375543394,0.0,0.0,0.0
1609056039091293000,157,1609056039091293000,0.643394907738,2.39694347355,4.90172149403,0.97160325893,0.235592453325,0.0187109294021,-0.0115414164709,-0.0489749129579,0.9097286503,-0.0214720806059,0.0,0.0,0.0
1609056039191223000,158,1609056039191223000,0.636012593174,2.49452219987,4.9019717552,0.97025466157,0.240723405672,0.0149531153016,-0.0208455752006,-0.0837599182292,0.90032965092,-0.0190891216301,0.0,0.0,0.0
1609056039291270000,159,1609056039291270000,0.628406347334,2.56866218947,4.90943780078,0.968384923951,0.246900159916,0.0118440674332,-0.0336254095048,-0.0995339469379,0.857847477007,0.00967422456878,0.0,0.0,0.0
1609056039391275000,160,1609056039391275000,0.619206347858,2.64999458646,4.90537278956,0.966677311149,0.251802500054,0.010385644852,-0.0449734972723,-0.107628171235,0.789841092479,-0.0398602928391,0.0,0.0,0.0
1609056039491350000,161,1609056039491350000,0.618366905223,2.72922983269,4.91172449646,0.964823590728,0.257968888954,0.00972915313356,-0.0497276048755,-0.104572785731,0.723224845233,-0.0330518720688,0.0,0.0,0.0
1609056039591377000,162,1609056039591377000,0.605329802803,2.79307241453,4.91346270494,0.963416345511,0.263219920726,0.00910359189098,-0.0496119254804,-0.102536192909,0.62599349259,-0.0750826769753,0.0,0.0,0.0
1609056039691372000,163,1609056039691372000,0.592775151366,2.86578255862,4.90105154008,0.962393472016,0.268517139959,0.00704661702776,-0.04059181886,-0.104305906266,0.570159084633,-0.10901976049,0.0,0.0,0.0
1609056039791800000,164,1609056039791800000,0.584163680506,2.93738342079,4.8883512483,0.961640837526,0.272176286478,0.00137073203901,-0.0341334114166,-0.0999521417438,0.525719190098,-0.132628914376,0.0,0.0,0.0
1609056039891788000,165,1609056039891788000,0.574713666869,2.98323061136,4.87535477601,0.960582271746,0.276347639099,-0.00322009634956,-0.0300551584817,-0.0963302997586,0.510634895165,-0.094979699653,0.0,0.0,0.0
1609056039991473000,166,1609056039991473000,0.571093183922,3.05387464993,4.8623220125,0.958932752708,0.282335192215,-0.00302835119328,-0.0269377821828,-0.0789419640242,0.498034736589,-0.0713891376531,0.0,0.0,0.0
1609056040091545000,167,1609056040091545000,0.56362959907,3.10785146245,4.85437995292,0.95753242641,0.287168465551,-0.00306481710167,-0.0256228738256,-0.0646380345685,0.473923185736,-0.061338751664,0.0,0.0,0.0
1609056040191519000,168,1609056040191519000,0.556505654345,3.16867354922,4.84649507512,0.956225648661,0.291625054301,-0.0036437975711,-0.0239595343411,-0.0608098495671,0.474636149709,-0.0422404326936,0.0,0.0,0.0
1609056040291592000,169,1609056040291592000,0.550840204742,3.20627702469,4.84261681642,0.95474225463,0.2963707497,-0.00327423616898,-0.0249175705984,-0.0548619238584,0.464149459951,-0.0107730656112,0.0,0.0,0.0
1609056040391546000,170,1609056040391546000,0.543561798056,3.25749546247,4.8397819706,0.952713859386,0.302831126802,-0.00147256001761,-0.0250487992079,-0.0510967959959,0.446871684208,-0.00762390750694,0.0,0.0,0.0
1609056040491576000,171,1609056040491576000,0.538048709482,3.30693055616,4.84258156413,0.950779788222,0.30872248341,-0.00199568923964,-0.0265375162705,-0.0455396437982,0.434867879691,0.00763846008921,0.0,0.0,0.0
1609056040591688000,172,1609056040591688000,0.529404098304,3.35886311972,4.84571117056,0.949142144053,0.313502722045,-0.00224672056536,-0.02898596039,-0.0383151381944,0.423737197839,0.041335828955,0.0,0.0,0.0
1609056040691665000,173,1609056040691665000,0.529861995385,3.40633662508,4.84731436949,0.947374225199,0.318751431084,0.00034601092583,-0.0296560767357,-0.0198058395249,0.398166142406,0.0629413393408,0.0,0.0,0.0
1609056040791729000,174,1609056040791729000,0.528642392659,3.447302994,4.85235485836,0.945790426407,0.323276512824,0.00341286540672,-0.0310019019128,-0.0143050773174,0.370082633011,0.0699942191422,0.0,0.0,0.0
1609056040891741000,175,1609056040891741000,0.525764315803,3.48152124298,4.86157510003,0.944334761311,0.327633564943,0.00129885169646,-0.0297727843365,-0.0327021100063,0.341286643023,0.0398061839691,0.0,0.0,0.0
1609056040991782000,176,1609056040991782000,0.519887175976,3.52054893737,4.86781274465,0.942904905025,0.33162793987,-0.00276450556399,-0.0307507249747,-0.0192148245585,0.31711430305,0.0683972840007,0.0,0.0,0.0
1609056041091791000,177,1609056041091791000,0.517115816306,3.56117612842,4.87100879718,0.941585437195,0.33536775936,-0.00404390719429,-0.0304791282426,0.0022354187518,0.28540349636,0.0544127861726,0.0,0.0,0.0
1609056041191849000,178,1609056041191849000,0.516533867358,3.60553287254,4.8750614123,0.941186264456,0.336491827634,-0.0077692866088,-0.0296867600293,0.0180464249672,0.27501090298,0.0645393516391,0.0,0.0,0.0
1609056041291865000,179,1609056041291865000,0.519146789572,3.63362325266,4.88181462403,0.940634195993,0.337954720155,-0.00688984318705,-0.0307643708716,0.0393222429802,0.266375501931,0.107184309441,0.0,0.0,0.0
1609056041391892000,180,1609056041391892000,0.522827170907,3.6713626208,4.88828001595,0.939843117171,0.340178416931,-0.00679969230152,-0.0304519941194,0.0582428007718,0.243085212915,0.0764861343369,0.0,0.0,0.0
1609056041491917000,181,1609056041491917000,0.527455518629,3.71918320627,4.89420289247,0.939534205072,0.341016916995,-0.00988260598884,-0.0297535531152,0.0811291103802,0.237710214309,0.0432897904563,0.0,0.0,0.0
1609056041591946000,182,1609056041591946000,0.534147831153,3.74482902081,4.89911530934,0.939444088952,0.341213744997,-0.0145564064025,-0.0283918120434,0.109102468574,0.221311815525,0.0135769843329,0.0,0.0,0.0
1609056041691962000,183,1609056041691962000,0.545285892985,3.77674325445,4.89956223336,0.939446554318,0.341112649919,-0.0206214750281,-0.0256336968345,0.148474155621,0.220030278081,0.0134008748122,0.0,0.0,0.0
1609056041792011000,184,1609056041792011000,0.561979670526,3.80932048534,4.90016479783,0.939516219067,0.340536945424,-0.0255280653447,-0.0263093289674,0.194699928361,0.223183623867,-0.0103747335821,0.0,0.0,0.0
1609056041892080000,185,1609056041892080000,0.583851904618,3.86573177429,4.8966079116,0.939455872296,0.340423978316,-0.031972105402,-0.0226266098118,0.247337782864,0.244601684628,-0.0318003504395,0.0,0.0,0.0
1609056041992067000,186,1609056041992067000,0.616026261233,3.88642397623,4.89393049232,0.939285918981,0.34022549528,-0.0399575205759,-0.0197982654558,0.323338164543,0.265390965774,-0.00311570221297,0.0,0.0,0.0
1609056042092055000,187,1609056042092055000,0.649579720611,3.93273699694,4.8949654754,0.93921358055,0.339953203702,-0.0443220115085,-0.0185803309954,0.403788106347,0.30010761762,0.00738618006783,0.0,0.0,0.0
1609056042192117000,188,1609056042192117000,0.698407700805,3.95921850263,4.89604697734,0.93930049077,0.33962030463,-0.0449925589515,-0.0186629676398,0.501124179368,0.327934713615,0.0393792398412,0.0,0.0,0.0
1609056042292126000,189,1609056042292126000,0.758875377855,4.00013031029,4.88773071929,0.939599611808,0.339385428962,-0.0406174950733,-0.0178974633228,0.587112713108,0.359168939715,0.039207541335,0.0,0.0,0.0
1609056042392160000,190,1609056042392160000,0.817380885707,4.04012069196,4.89209598833,0.939860512818,0.339080435223,-0.0356796417444,-0.02033809379,0.655914764497,0.382758457318,0.0575716717464,0.0,0.0,0.0
1609056042492227000,191,1609056042492227000,0.884571789279,4.07988564342,4.89500767786,0.940116201335,0.338945316927,-0.029482278556,-0.0206977141781,0.706498062072,0.397827519902,0.042878456752,0.0,0.0,0.0
1609056042592220000,192,1609056042592220000,0.954979001963,4.12235115782,4.89934927884,0.940124341219,0.339265522824,-0.0263278093924,-0.0192866410511,0.750898085963,0.39908541705,0.0114777289435,0.0,0.0,0.0
1609056042692315000,193,1609056042692315000,1.03321523957,4.16593124014,4.88481322607,0.939910854097,0.339897094946,-0.0266074565432,-0.0181547363987,0.793118443869,0.423867897795,0.0424887290575,0.0,0.0,0.0
1609056042792311000,194,1609056042792311000,1.11522807437,4.20443231813,4.88661634796,0.939148156248,0.342395833364,-0.0208597946463,-0.0181852379021,0.831927783617,0.435341838228,0.0476246099156,0.0,0.0,0.0
1609056042892296000,195,1609056042892296000,1.19896835583,4.2469377301,4.8910808679,0.938250906704,0.345175373383,-0.0147384205886,-0.0179437074641,0.856727007998,0.439349431893,0.0415133286313,0.0,0.0,0.0
1609056042992377000,196,1609056042992377000,1.28996124674,4.2968848761,4.87849493368,0.936814162753,0.349085189965,-0.00945574450426,-0.0207206058779,0.866453247279,0.443717086749,0.0413035212065,0.0,0.0,0.0
1609056043092396000,197,1609056043092396000,1.37606110512,4.33921128318,4.88470847622,0.935438664182,0.352794977263,-0.00664588150755,-0.0211197024329,0.86757163673,0.436726659406,0.0223210264053,0.0,0.0,0.0
1609056043192415000,198,1609056043192415000,1.46958936577,4.38594501476,4.87957416337,0.933849455129,0.356926169484,-0.00379764067724,-0.0226822092717,0.872036147143,0.432899010625,0.016398985001,0.0,0.0,0.0
1609056043292427000,199,1609056043292427000,1.55647190146,4.4292002044,4.8843090861,0.932539837375,0.360260707444,-0.00413167732281,-0.0237613893421,0.877910998332,0.412632788886,0.0320128706627,0.0,0.0,0.0
1609056043392480000,200,1609056043392480000,1.6502694529,4.47361832222,4.88384199318,0.931673463795,0.362565085902,-0.00401500452401,-0.0226935031179,0.886897769175,0.406432201991,0.0488653781472,0.0,0.0,0.0
1609056043492499000,201,1609056043492499000,1.73721278685,4.51261256556,4.88745634968,0.930502060388,0.365607452904,-0.00271162074753,-0.0221303661795,0.883459662424,0.393284786089,0.0512693955818,0.0,0.0,0.0
1609056043592552000,202,1609056043592552000,1.82527004948,4.55102944319,4.89308268021,0.929191386676,0.368943484661,-0.00245637177323,-0.0218640868133,0.878540066002,0.385813779068,0.0414552408717,0.0,0.0,0.0
1609056043692554000,203,1609056043692554000,1.91637561126,4.59312224298,4.89813792673,0.927489785002,0.373252840308,-0.000520269354839,-0.0210889838221,0.87415974977,0.383621662653,0.0404969979693,0.0,0.0,0.0
1609056043792574000,204,1609056043792574000,2.00242579143,4.62943724623,4.90011166734,0.92567826451,0.377781650781,0.00144829813424,-0.0199669070989,0.859909505581,0.38624338179,0.051360405984,0.0,0.0,0.0
1609056043892634000,205,1609056043892634000,2.08910101271,4.66433619601,4.90479179245,0.923112279366,0.383841684646,0.00450637391879,-0.0225604389471,0.841865137021,0.377403599615,0.029865870229,0.0,0.0,0.0
1609056043992694000,206,1609056043992694000,2.17324048031,4.70103360018,4.90546125125,0.920661822933,0.389596976088,0.00515113359295,-0.0238635671778,0.827909892616,0.356624906755,-0.00149190905333,0.0,0.0,0.0
1609056044092670000,207,1609056044092670000,2.25468326844,4.73488342546,4.90388765864,0.917845257713,0.396196933321,0.00195955319319,-0.0241709137646,0.807401924194,0.352815184708,0.0141470203197,0.0,0.0,0.0
1609056044192705000,208,1609056044192705000,2.34003461139,4.77005205604,4.90121281637,0.913545560157,0.405893558197,0.00180600228785,-0.0261087588046,0.789592933204,0.345753451902,-0.0112830504872,0.0,0.0,0.0
1609056044292728000,209,1609056044292728000,2.42141549042,4.80316064305,4.9001427548,0.909172092197,0.415692445483,0.000533079571198,-0.0246092130136,0.785329169712,0.32574772976,-0.0428886557067,0.0,0.0,0.0
1609056044392785000,210,1609056044392785000,2.49540251129,4.83543472288,4.89848280985,0.905258658574,0.424311884827,-0.000483545480213,-0.0215859133479,0.786837518504,0.306733749903,-0.0501452613734,0.0,0.0,0.0
1609056044492801000,211,1609056044492801000,2.57025545041,4.87385347776,4.8970180772,0.902366143821,0.430505594754,-0.00188219840204,-0.0199181500499,0.778313725193,0.300382262299,-0.0639895880438,0.0,0.0,0.0
1609056044592838000,212,1609056044592838000,2.6382134681,4.9096841675,4.89294695302,0.900329000132,0.434828631011,-0.000482696443297,-0.0182076955734,0.786978636178,0.283904738928,-0.064165365153,0.0,0.0,0.0
1609056044692862000,213,1609056044692862000,2.70558708805,4.93900025589,4.88414810866,0.900088200289,0.43537109429,-0.00318733596247,-0.016825066032,0.759380179937,0.284505552305,-0.117170437571,0.0,0.0,0.0
1609056044792896000,214,1609056044792896000,2.75138167133,4.97698024254,4.87230170551,0.900012084092,0.435577785847,-0.0069453522318,-0.014212777649,0.727200275333,0.310883755214,-0.13350129769,0.0,0.0,0.0
1609056044892948000,215,1609056044892948000,2.81509321185,5.00402140028,4.85642695755,0.900201376279,0.435203491619,-0.0020759781735,-0.0152017546141,0.717783090531,0.3262149252,-0.0924707748888,0.0,0.0,0.0
1609056044992933000,216,1609056044992933000,2.87202862071,5.03657105317,4.84164933527,0.900421744051,0.434743598197,0.00471651257423,-0.0147119398993,0.687721293545,0.333612212656,-0.119945973532,0.0,0.0,0.0
1609056045092993000,217,1609056045092993000,2.93807059013,5.07355457289,4.83256119238,0.900521929757,0.434406448709,0.00926531011838,-0.0162924944389,0.651698752895,0.338085680057,-0.131669440508,0.0,0.0,0.0
1609056045193034000,218,1609056045193034000,3.00627905494,5.10808883476,4.82146412924,0.900556109137,0.434258221893,0.0113382339492,-0.0170274914419,0.614177547744,0.330156276236,-0.141709384772,0.0,0.0,0.0
1609056045293086000,219,1609056045293086000,3.0724931201,5.15220748552,4.8050661359,0.90045524962,0.434482406359,0.0124244854181,-0.0158434263448,0.579211225584,0.336485251667,-0.130870699853,0.0,0.0,0.0
1609056045393057000,220,1609056045393057000,3.13758879986,5.18745243755,4.79396141935,0.900497656122,0.434482513095,0.0116459855037,-0.0139028110834,0.549036264882,0.323873166699,-0.149463471538,0.0,0.0,0.0
1609056045493094000,221,1609056045493094000,3.19876080491,5.2207963726,4.78139882944,0.900560845993,0.434556335677,0.00978883404703,-0.00742512731409,0.528339521659,0.328296799477,-0.0938722651988,0.0,0.0,0.0
1609056045593185000,222,1609056045593185000,3.25838497011,5.25291320453,4.77131795837,0.900687404041,0.434299572785,0.0107729525089,-0.00547948669892,0.491332055533,0.345731028558,-0.0578177702985,0.0,0.0,0.0
1609056045693152000,223,1609056045693152000,3.31950696399,5.28736887758,4.76520828802,0.900892863874,0.43387368821,0.010880879866,-0.00522273433437,0.458627492392,0.360496521776,-0.0522617903949,0.0,0.0,0.0
1609056045793221000,224,1609056045793221000,3.35857321312,5.32223883215,4.75918351315,0.901006254966,0.433613620483,0.0122844301673,-0.00400617265889,0.420223368283,0.372539280046,-0.0282042730357,0.0,0.0,0.0
1609056045893237000,225,1609056045893237000,3.39164494944,5.35723682821,4.7543286998,0.901072703048,0.433327195666,0.0171864495001,0.00038893793891,0.368312177457,0.384981302778,-0.0357271082429,0.0,0.0,0.0
1609056045993315000,226,1609056045993315000,3.43527220247,5.39556716686,4.75059420786,0.901098308392,0.433097583745,0.0206799432963,0.00454549368738,0.317481737941,0.409187592957,-0.0579426981566,0.0,0.0,0.0
1609056046093320000,227,1609056046093320000,3.5150201047,5.44961201613,4.74643388934,0.901039106058,0.433097779288,0.0227760511813,0.00600786343935,0.280780763154,0.437608772307,-0.0450069095148,0.0,0.0,0.0
1609056046193307000,228,1609056046193307000,3.55713892713,5.49671359688,4.74561825687,0.90101755589,0.433105816866,0.0234457114904,0.00608391222927,0.22098353906,0.461539870575,-0.0438205410549,0.0,0.0,0.0
1609056046293367000,229,1609056046293367000,3.59132087497,5.54376316751,4.74164945856,0.900881469166,0.433409844852,0.0230081340436,0.00625385218576,0.1631590702,0.482379785673,-0.0556105419174,0.0,0.0,0.0
1609056046393399000,230,1609056046393399000,3.61854604331,5.59396512982,4.73792786923,0.900838659421,0.433652841696,0.0206724343881,0.00275191535745,0.106785903261,0.499720993903,-0.0714829044068,0.0,0.0,0.0
1609056046493431000,231,1609056046493431000,3.64139898105,5.64569066529,4.73477254631,0.900844158454,0.433854031233,0.0158136952619,0.000639377451234,0.0646611291366,0.508675313925,-0.0703864199648,0.0,0.0,0.0
1609056046593464000,232,1609056046593464000,3.65848131371,5.70121925626,4.73166206935,0.900908546392,0.433941201841,0.00766791024102,-0.000165938576936,0.0247586872011,0.532297299451,-0.0730757086706,0.0,0.0,0.0
1609056046693519000,233,1609056046693519000,3.69451072973,5.75879461271,4.72834743543,0.900881952183,0.434044302057,0.00153613496692,-0.00385906376593,0.0216879513867,0.557365102038,-0.0343583132105,0.0,0.0,0.0
1609056046793546000,234,1609056046793546000,3.71860526938,5.81843596777,4.72601857761,0.900853507906,0.434087976808,-0.00368824423078,-0.00412098756928,0.0293640446312,0.569825478826,-0.0491699671323,0.0,0.0,0.0
1609056046893588000,235,1609056046893588000,3.79562438972,5.88951453267,4.72722626937,0.900669607584,0.434425522763,-0.00733518128428,-0.0038624166705,0.0720454185999,0.604523362663,0.00957810851735,0.0,0.0,0.0
1609056046993521000,236,1609056046993521000,3.80860474046,5.95280518182,4.72130780622,0.900574845792,0.434582302146,-0.00813431357914,-0.00608298706046,0.0776450396943,0.627165407601,0.00123683703651,0.0,0.0,0.0
1609056047093597000,237,1609056047093597000,3.82214591316,6.0182314295,4.72141522961,0.900566298526,0.434561758496,-0.00982693744067,-0.00631278964614,0.0874687140794,0.649325864263,-0.00162453732392,0.0,0.0,0.0
1609056047193621000,238,1609056047193621000,3.83667071118,6.08576182685,4.72246904735,0.900550719403,0.434579997173,-0.0109807207571,-0.005296377257,0.0987589199845,0.6725122717,-0.00572970153761,0.0,0.0,0.0
1609056047293634000,239,1609056047293634000,3.87886203187,6.16130332739,4.71099119848,0.90061156281,0.434417035719,-0.0119831495043,-0.00608737525232,0.122205388456,0.703742103736,0.00573005494632,0.0,0.0,0.0
1609056047393675000,240,1609056047393675000,3.8945498607,6.23411600416,4.70670806236,0.900709653857,0.434222562723,-0.0106496552728,-0.00771169981409,0.130250175858,0.727765343284,-0.0126341925637,0.0,0.0,0.0
1609056047493685000,241,1609056047493685000,3.90954805568,6.30717375028,4.70681226512,0.90075833357,0.43412294266,-0.0100824786568,-0.00836891774118,0.13601651357,0.743313701559,-0.0293213830313,0.0,0.0,0.0
1609056047593723000,242,1609056047593723000,3.91931916082,6.37957920047,4.70233175906,0.900768298749,0.434090780909,-0.00889256360526,-0.0101285838347,0.14378704666,0.75835342839,-0.0421394744161,0.0,0.0,0.0
1609056047693726000,243,1609056047693726000,3.93190207854,6.45285327597,4.69388603882,0.900657364091,0.434308605548,-0.0075986235359,-0.0116020935604,0.150945438115,0.768148352926,-0.0411730814528,0.0,0.0,0.0
1609056047793812000,244,1609056047793812000,3.9436612881,6.52713910421,4.68766553231,0.900558714176,0.434531246439,-0.00545979867227,-0.0121156423171,0.158147157201,0.768093852091,-0.0478486008528,0.0,0.0,0.0
1609056047893802000,245,1609056047893802000,3.95815650998,6.59439617186,4.68188283503,0.900290285282,0.435078221901,-0.00569143522408,-0.0123268251705,0.15523101072,0.762476629202,-0.0830908404939,0.0,0.0,0.0
1609056047993882000,246,1609056047993882000,3.97600478939,6.67335013609,4.67749155729,0.900191365636,0.43527088479,-0.00399925149269,-0.0133704179386,0.161546755476,0.773752534355,-0.0302622571065,0.0,0.0,0.0
1609056048093852000,247,1609056048093852000,3.99378799774,6.75049363938,4.67415674858,0.900089151621,0.435431408299,-0.00241166290545,-0.0152706150188,0.158932677999,0.767501220767,-0.0544116585539,0.0,0.0,0.0
1609056048193974000,248,1609056048193974000,4.01276198766,6.82767009666,4.67013003794,0.89994020949,0.435644585435,-0.00308846411742,-0.0176600089012,0.16067820361,0.769924925504,-0.00918482476617,0.0,0.0,0.0
1609056048293931000,249,1609056048293931000,4.0486392587,6.90888348753,4.66201972911,0.899649542153,0.436107034558,-0.0026113109095,-0.0208455455171,0.174205082059,0.749676958058,-0.0393700454745,0.0,0.0,0.0
1609056048393974000,250,1609056048393974000,4.0629692686,6.98143753738,4.66057091401,0.899522043918,0.436435930035,-0.00366333963132,-0.0192445166845,0.181614868232,0.72826235347,-0.0551002795088,0.0,0.0,0.0
1609056048494002000,251,1609056048494002000,4.07699346367,7.05049720664,4.6580172029,0.899426542183,0.436752956394,-0.00576857266554,-0.0156676056492,0.189308822269,0.72009143599,-0.0479454158519,0.0,0.0,0.0
1609056048593983000,252,1609056048593983000,4.09284023659,7.119554007,4.65813910928,0.899379299767,0.436899884972,-0.00879478951524,-0.0125704948162,0.199297376796,0.721038351342,0.0157775853472,0.0,0.0,0.0
1609056048694041000,253,1609056048694041000,4.10939777891,7.18910056028,4.66195327886,0.899396394568,0.436924027884,-0.0104712728208,-0.00859486711594,0.205690899283,0.729279750884,0.0077924264944,0.0,0.0,0.0
1609056048794120000,254,1609056048794120000,4.13237429222,7.2532698654,4.66132390146,0.899267458333,0.437156970584,-0.0133130153003,-0.00588090772254,0.208196679665,0.743103614817,0.0221050641002,0.0,0.0,0.0
1609056048894143000,255,1609056048894143000,4.15674892566,7.33224604708,4.65987582798,0.899269590678,0.436997393169,-0.0169587680504,-0.00773833520758,0.2269457183,0.770624943885,0.0340837747379,0.0,0.0,0.0
1609056048994179000,256,1609056048994179000,4.18159726833,7.41196462889,4.66128206524,0.899250340233,0.436962914476,-0.0183566100042,-0.00867593408704,0.243428276652,0.796904398714,0.0460156292247,0.0,0.0,0.0
1609056049094146000,257,1609056049094146000,4.22846364003,7.5075970395,4.66148156685,0.899223092953,0.436907459916,-0.0190912576017,-0.0120509108677,0.259074286558,0.820419702063,0.032918139927,0.0,0.0,0.0
1609056049194221000,258,1609056049194221000,4.25488771157,7.5865490002,4.66547803544,0.899150571659,0.436995038431,-0.0200132045992,-0.0127693975378,0.287358197989,0.82670138633,0.0158517061367,0.0,0.0,0.0
1609056049294230000,259,1609056049294230000,4.28198290085,7.67287932886,4.66354000256,0.899174650683,0.437031523652,-0.0174505853898,-0.0135599400385,0.314269603719,0.847149880851,0.0201043495924,0.0,0.0,0.0
1609056049394237000,260,1609056049394237000,4.31440638651,7.7599022679,4.6614496592,0.899194846972,0.437046090132,-0.0161122769343,-0.0134065958278,0.333930767853,0.854618020164,-0.0188582367077,0.0,0.0,0.0
1609056049494318000,261,1609056049494318000,4.3478792645,7.84459175114,4.66206546008,0.899180355259,0.437068994028,-0.0161186452631,-0.0136224979173,0.352050527675,0.868990021217,-0.0147534738984,0.0,0.0,0.0
1609056049594332000,262,1609056049594332000,4.38446857144,7.93551032452,4.65901393842,0.89920469706,0.437044229365,-0.0137131354183,-0.0153363711992,0.369959426622,0.880133287712,-0.0151136138383,0.0,0.0,0.0
1609056049694391000,263,1609056049694391000,4.40631525547,7.99215179354,4.66111716989,0.899283909624,0.436951973472,-0.0128866230679,-0.0139770424727,0.369368868176,0.870175537957,-0.0481400481896,0.0,0.0,0.0
1609056049794393000,264,1609056049794393000,4.44323859201,8.07819707521,4.65876871893,0.899263369935,0.436913635551,-0.0173002277536,-0.0115138474523,0.387880099174,0.872491603388,-0.0915525095683,0.0,0.0,0.0
1609056049894396000,265,1609056049894396000,4.48381264412,8.16824427283,4.65062033648,0.899174760113,0.436955724293,-0.0214781790828,-0.00965057541872,0.412394677966,0.895030884714,-0.0832974141532,0.0,0.0,0.0
1609056049994394000,266,1609056049994394000,4.52655605481,8.26157209411,4.64168610657,0.899101626665,0.437023682977,-0.0236676576386,-0.00814907530614,0.439534671807,0.925513332797,-0.085525139984,0.0,0.0,0.0
1609056050094450000,267,1609056050094450000,4.57259408371,8.35906899977,4.62910579162,0.898997401852,0.437207686103,-0.0244890951777,-0.00730718093663,0.468825196439,0.959457279864,-0.0962351963917,0.0,0.0,0.0
1609056050194506000,268,1609056050194506000,4.61659877754,8.45802460973,4.61870373712,0.898999014807,0.437210199897,-0.0234239767252,-0.00996643348274,0.493173242162,0.993833097211,-0.083274346298,0.0,0.0,0.0
1609056050294521000,269,1609056050294521000,4.66677771665,8.55879068665,4.60765057267,0.899126076321,0.436915451576,-0.0204315315761,-0.0161164379405,0.523545121479,1.01117215326,-0.0984579674937,0.0,0.0,0.0
1609056050394571000,270,1609056050394571000,4.7179090328,8.66553771352,4.59612322375,0.899188445558,0.436799491942,-0.018106313342,-0.0183984953529,0.553349563663,1.01218897618,-0.110783680593,0.0,0.0,0.0
1609056050494577000,271,1609056050494577000,4.77333017235,8.77164784378,4.58908081675,0.89918431328,0.436873522409,-0.015818590872,-0.0189438209374,0.579621635811,1.01588476276,-0.104706688,0.0,0.0,0.0
1609056050594630000,272,1609056050594630000,4.82590523827,8.86400704567,4.57709483873,0.899279086096,0.43679586137,-0.0122992505517,-0.0188475260019,0.606244395822,1.01328051656,-0.0682439835316,0.0,0.0,0.0
1609056050694646000,273,1609056050694646000,4.88728369037,8.96755442139,4.56557735142,0.899485306935,0.436398186497,-0.00748920300775,-0.0206571359976,0.621466733024,1.0005735496,-0.0712196846422,0.0,0.0,0.0
1609056050794654000,274,1609056050794654000,4.95127666934,9.06838907748,4.55898347075,0.899529838621,0.436332493362,-0.00484604000086,-0.0208935531691,0.622953032206,0.992701054751,-0.0286527245265,0.0,0.0,0.0
1609056050894714000,275,1609056050894714000,5.0139920013,9.17879690559,4.56267199519,0.899552920638,0.436072796708,0.00153720647992,-0.025351448445,0.619169775742,0.971344967272,-0.0161569993293,0.0,0.0,0.0
1609056050994707000,276,1609056050994707000,5.07357181869,9.27574356251,4.5616950803,0.899532508393,0.435824106059,0.00395294630718,-0.0297151331453,0.612894665354,0.9324125736,-0.013860250745,0.0,0.0,0.0
1609056051094822000,277,1609056051094822000,5.12995950475,9.37081889438,4.56737766923,0.899496472313,0.435775487231,0.00518154426646,-0.0312885382204,0.599610493914,0.889993387979,-0.0291031923607,0.0,0.0,0.0
1609056051194794000,278,1609056051194794000,5.18822040316,9.45835246373,4.5650583194,0.899486459864,0.435795313193,0.00532097124405,-0.031276841027,0.591245808058,0.845067120438,-0.0343483674978,0.0,0.0,0.0
1609056051294768000,279,1609056051294768000,5.24599904525,9.54153969418,4.56218771559,0.899410243643,0.435937081332,0.00629139245679,-0.0313128269364,0.57656320646,0.805242683967,-0.0508295708012,0.0,0.0,0.0
1609056051394830000,280,1609056051394830000,5.30374768051,9.62015419461,4.55780094525,0.899230316343,0.436361841038,0.00649053782638,-0.0305131901619,0.570470112519,0.761223948303,-0.0546169902063,0.0,0.0,0.0
1609056051494837000,281,1609056051494837000,5.35646569032,9.69223404443,4.55641596267,0.898998781861,0.436911800111,0.00829081599333,-0.0289919213973,0.560823833741,0.724348759108,-0.0321428146852,0.0,0.0,0.0
1609056051594896000,282,1609056051594896000,5.41245390648,9.76196767664,4.55139152178,0.898781117501,0.43745157846,0.00944467979969,-0.0271922295895,0.548081764615,0.682494858982,-0.0541213297558,0.0,0.0,0.0
1609056051694890000,283,1609056051694890000,5.46553556187,9.82850934692,4.54949571795,0.898576254288,0.437957592348,0.00933725139463,-0.025820113675,0.530315026441,0.648455252373,-0.0449451797847,0.0,0.0,0.0
1609056051794981000,284,1609056051794981000,5.51725332849,9.89221581101,4.54658310301,0.898483214509,0.438249199867,0.00846839214738,-0.0243687996246,0.511172479935,0.61772782959,-0.0274340451912,0.0,0.0,0.0
1609056051895000000,285,1609056051895000000,5.56721026519,9.95079044236,4.54110229023,0.898364039106,0.438488834379,0.00962752923983,-0.0240188685373,0.494075821231,0.599728953887,0.026834862628,0.0,0.0,0.0
1609056051994986000,286,1609056051994986000,5.61718482289,10.0124750021,4.53732863074,0.898270954375,0.43839705397,0.0140165835427,-0.0268486681542,0.476007789402,0.566174704628,0.0176337070441,0.0,0.0,0.0
1609056052095032000,287,1609056052095032000,5.66650222722,10.0738313681,4.53842383786,0.898208898039,0.438268608311,0.0189757343532,-0.0279521726966,0.446844257943,0.534481684464,0.0186503689788,0.0,0.0,0.0
1609056052195036000,288,1609056052195036000,5.70721117717,10.1231622825,4.54316891443,0.898297953408,0.437958069234,0.0213298799896,-0.0282586750581,0.404108660673,0.482846747333,-0.00992099047124,0.0,0.0,0.0
1609056052295077000,289,1609056052295077000,5.7426218218,10.1661498733,4.55236659328,0.898515102349,0.437725189808,0.0203586617046,-0.0255498327392,0.370573667781,0.435536401917,0.00490199554369,0.0,0.0,0.0
1609056052395136000,290,1609056052395136000,5.77790367414,10.2075497956,4.55146034554,0.898696449057,0.437448949139,0.0184558977011,-0.0253473704831,0.328594251416,0.407782728853,0.0207200364704,0.0,0.0,0.0
1609056052495150000,291,1609056052495150000,5.80963743688,10.2445536007,4.5528729619,0.898812236769,0.437260249913,0.0174800783323,-0.0251889607003,0.294278935227,0.373415703231,-0.00587599318863,0.0,0.0,0.0
1609056052595192000,292,1609056052595192000,5.83835389444,10.2812526744,4.55122848778,0.898802508616,0.437256622478,0.0169717778412,-0.0259356002722,0.264393776135,0.343569551302,-0.0124760770789,0.0,0.0,0.0
1609056052695228000,293,1609056052695228000,5.86491123976,10.3167006172,4.54646547384,0.898728660296,0.437355239438,0.0181621928257,-0.0260254577577,0.228759229978,0.316557675626,-0.0116180917361,0.0,0.0,0.0
1609056052795204000,294,1609056052795204000,5.88874201977,10.3515611633,4.54367712478,0.898647475175,0.437382533677,0.0195279091878,-0.027347675566,0.198964377198,0.282053580798,-0.0247842488467,0.0,0.0,0.0
1609056052895231000,295,1609056052895231000,5.90683741592,10.382375724,4.5454434301,0.898714138521,0.437296415883,0.0193355096389,-0.0266623319686,0.159377428271,0.247131346704,-0.0593962041724,0.0,0.0,0.0
1609056052995332000,296,1609056052995332000,5.91899989476,10.403843014,4.54430712614,0.898679593874,0.437266483466,0.0181788807833,-0.0290265100421,0.120751015497,0.213908856441,-0.0825208181772,0.0,0.0,0.0
1609056053095341000,297,1609056053095341000,5.93032215032,10.4225723858,4.53168313497,0.898618349902,0.437349596226,0.0155428087069,-0.0311257609992,0.0938342605618,0.180595817862,-0.0748250222114,0.0,0.0,0.0
1609056053195336000,298,1609056053195336000,5.94266894312,10.445035357,4.51940281529,0.898506617032,0.437456724848,0.0149344391087,-0.0330822545112,0.0821249907739,0.142540485346,-0.0651132814189,0.0,0.0,0.0
1609056053295376000,299,1609056053295376000,5.95326038201,10.4650783975,4.50973860924,0.898459850073,0.437374772595,0.0165134029871,-0.0346484289112,0.0660886066134,0.105242301625,-0.0912006541216,0.0,0.0,0.0
1609056053395381000,300,1609056053395381000,5.9629888187,10.4800406795,4.49997266787,0.898506589114,0.437278755431,0.0180285373778,-0.0338846751047,0.0467960549409,0.063174023743,-0.105346650847,0.0,0.0,0.0
1609056053495445000,301,1609056053495445000,5.96925031539,10.4909518936,4.49263905826,0.898601366965,0.437143228962,0.0182733309619,-0.032976749943,0.0208156316867,0.0235727711473,-0.128510703559,0.0,0.0,0.0
1609056053595491000,302,1609056053595491000,5.9713703923,10.4956049624,4.48351003552,0.898757069749,0.436981543308,0.0176167710076,-0.0311850888145,-0.00314424772458,-0.013712454321,-0.12148998439,0.0,0.0,0.0
1609056053695504000,303,1609056053695504000,5.97164857836,10.4943861584,4.47121541443,0.89872337061,0.437106382116,0.0174999762318,-0.0304641537788,-0.0323974464293,-0.0476088589116,-0.132826813944,0.0,0.0,0.0
1609056053795521000,304,1609056053795521000,5.96919761032,10.488273865,4.46196855478,0.898736824278,0.437104429822,0.0152447285842,-0.0312959481092,-0.058229961794,-0.0822211571706,-0.145174720873,0.0,0.0,0.0
1609056053895541000,305,1609056053895541000,5.96587943987,10.4829846261,4.44639936721,0.898814581967,0.437034756348,0.0134763998284,-0.0308440534746,-0.0688694227012,-0.11700697841,-0.12845546334,0.0,0.0,0.0
1609056053995596000,306,1609056053995596000,5.96159675328,10.4755761905,4.4333253802,0.898885774434,0.436983674563,0.0131539903363,-0.0296075197235,-0.0882142169758,-0.142787382888,-0.148480603317,0.0,0.0,0.0
1609056054095629000,307,1609056054095629000,5.95989280702,10.4382013501,4.41855775167,0.898203346414,0.438513395046,0.0110678553351,-0.0285351263189,-0.1321526191,-0.153813541731,-0.133978859586,0.0,0.0,0.0
1609056054195611000,308,1609056054195611000,5.95905797805,10.4002646768,4.40601141601,0.894492879618,0.446014977447,0.00892493045126,-0.0295545905516,-0.150262894928,-0.178016981058,-0.124056785432,0.0,0.0,0.0
1609056054295669000,309,1609056054295669000,5.95660707844,10.3893802503,4.39638399656,0.888486989122,0.457821497517,0.00687312576255,-0.0307100425674,-0.169318016062,-0.197677484598,-0.124194792993,0.0,0.0,0.0
1609056054395683000,310,1609056054395683000,5.94163567927,10.3592391515,4.3785808603,0.882610398845,0.469006305034,0.00474918181618,-0.031771291459,-0.153541985707,-0.231970398141,-0.0741363615231,0.0,0.0,0.0
1609056054495718000,311,1609056054495718000,5.92572119486,10.338600568,4.36746786915,0.876598088435,0.480159937835,0.00411000408946,-0.031706991588,-0.14156266627,-0.264736875303,-0.0576222083409,0.0,0.0,0.0
1609056054595736000,312,1609056054595736000,5.90705571031,10.3209788533,4.35607493746,0.872229018924,0.488265732193,0.00224513509152,-0.0284266192447,-0.139448340926,-0.29070451106,-0.0546146693952,0.0,0.0,0.0
1609056054695766000,313,1609056054695766000,5.88726271941,10.2984510247,4.34782732996,0.869914753429,0.492600530519,-0.000435549446893,-0.0243484988387,-0.10428983348,-0.314620438433,-0.0203084527062,0.0,0.0,0.0
1609056054795811000,314,1609056054795811000,5.87088967628,10.2718509098,4.34635825254,0.869658067707,0.493095269575,0.000616479653472,-0.0234844703733,-0.0941285565741,-0.316951724178,0.014256718818,0.0,0.0,0.0
1609056054895863000,315,1609056054895863000,5.86339403949,10.2399552224,4.34630442156,0.869740346048,0.492995704718,-0.00173611061136,-0.0224488642203,-0.0950187838896,-0.32957604264,-0.031122354146,0.0,0.0,0.0
1609056054995855000,316,1609056054995855000,5.85352727568,10.2084925917,4.34582468261,0.869843181004,0.49296902272,-0.00598642631688,-0.0178478513762,-0.0832950826485,-0.323878295385,-0.0189944241436,0.0,0.0,0.0
1609056055095901000,317,1609056055095901000,5.84300161425,10.1793730503,4.34370014549,0.869901886145,0.492868640965,-0.0116472161806,-0.0146817433876,-0.0743702708397,-0.302093289998,-0.015106179368,0.0,0.0,0.0
1609056055195989000,318,1609056055195989000,5.82014604592,10.1643697383,4.34005603349,0.869730721606,0.493053218498,-0.0188773412028,-0.0105186317021,-0.0748836483503,-0.260666875906,-0.0288666510446,0.0,0.0,0.0
1609056055296126000,319,1609056055296126000,5.81631123486,10.140455468,4.33657166582,0.869535496061,0.493163987592,-0.0256837110813,-0.0061359121762,-0.0473884226791,-0.219227916636,-0.0311035464131,0.0,0.0,0.0
1609056055395991000,320,1609056055395991000,5.80811602307,10.1359819338,4.33643828816,0.869246600065,0.493175427302,-0.0344367536911,-0.00156721903914,-0.0206214743097,-0.155674980666,-0.0536242851966,0.0,0.0,0.0
1609056055496021000,321,1609056055496021000,5.81043927128,10.1228402705,4.33198358507,0.868850468883,0.492995613684,-0.0451328959017,0.00414841145682,0.0271985391487,-0.0804329601739,-0.048629699364,0.0,0.0,0.0
1609056055596175000,322,1609056055596175000,5.81471544728,10.1294234817,4.32623357404,0.86857110295,0.492918475274,-0.0504346428167,0.0084830806348,0.0888416384927,0.025056298342,-0.00868459130533,0.0,0.0,0.0
1609056055696190000,323,1609056055696190000,5.82184334604,10.1372102321,4.32768548498,0.86854558649,0.492907044609,-0.0500820572587,0.0127670319175,0.14566175984,0.132571168473,0.00587988480554,0.0,0.0,0.0
1609056055796212000,324,1609056055796212000,5.83983380613,10.1536684215,4.32567295396,0.868747506127,0.492906192424,-0.0465683185503,0.0123550708591,0.202141676304,0.241438601441,0.0341097396634,0.0,0.0,0.0
1609056055896169000,325,1609056055896169000,5.85237210137,10.1777326776,4.32784897315,0.869075801492,0.49311557063,-0.0383067558208,0.0087679941336,0.235748441793,0.33629950034,0.0688222391566,0.0,0.0,0.0
1609056055996185000,326,1609056055996185000,5.87527277853,10.2139250339,4.33535403112,0.869521731591,0.49315165855,-0.0268152726209,0.00378696651494,0.260484893583,0.410080902498,0.0887351812666,0.0,0.0,0.0
1609056056096236000,327,1609056056096236000,5.89414440315,10.2479835423,4.33579089072,0.869760298513,0.493356156852,-0.0107989305458,0.000329736443284,0.268433614252,0.457642361628,0.128453166343,0.0,0.0,0.0
1609056056196273000,328,1609056056196273000,5.90702248503,10.2834098474,4.33139052751,0.869681258163,0.493548469354,0.00777097808707,0.00200736079929,0.233343358273,0.47214821772,0.0702182409148,0.0,0.0,0.0
1609056056296294000,329,1609056056296294000,5.92335984873,10.3273374443,4.32685791212,0.869520278569,0.493529241628,0.0187337661316,0.00352403494996,0.17364193993,0.490406010926,0.0275338638641,0.0,0.0,0.0
1609056056396336000,330,1609056056396336000,5.94196788944,10.3739606994,4.32398581374,0.869407342247,0.493457712598,0.0247558029341,0.00418441704365,0.104244210607,0.508503259833,0.0049041168117,0.0,0.0,0.0
1609056056496371000,331,1609056056496371000,5.94989594052,10.4247671005,4.32444984255,0.869367851538,0.493428450851,0.0268952074132,0.00213317161586,0.0334654605404,0.520284708381,0.000108476574984,0.0,0.0,0.0
1609056056596319000,332,1609056056596319000,5.95115339554,10.4777131892,4.32279300744,0.869412454429,0.49346620323,0.0241231385142,-0.00558252120216,-0.038365834896,0.531489005768,-0.0126453738506,0.0,0.0,0.0
1609056056696382000,333,1609056056696382000,5.94898182277,10.5307142099,4.32511347537,0.869439578019,0.493393552453,0.018415523817,-0.0172768936431,-0.0768839045453,0.518943080711,-0.0190635772358,0.0,0.0,0.0
1609056056796445000,334,1609056056796445000,5.93933439828,10.5827358767,4.32268582883,0.869303405867,0.493145241053,0.0135138126752,-0.0306061536616,-0.0953020288844,0.491056252787,-0.0218844393656,0.0,0.0,0.0
1609056056896441000,335,1609056056896441000,5.93224877211,10.6308203805,4.32452279908,0.869282696315,0.493097645716,0.014230662946,-0.0316195178433,-0.094650468455,0.449175327414,0.0122628046195,0.0,0.0,0.0
1609056056996463000,336,1609056056996463000,5.92082165783,10.6736009348,4.32098569331,0.869289799924,0.492978046964,0.0182370777928,-0.0312297607027,-0.11140000053,0.408926890797,-0.00627735325194,0.0,0.0,0.0
1609056057096522000,337,1609056057096522000,5.91193908625,10.7108816473,4.32541627763,0.869203685454,0.492887079139,0.0223399920621,-0.0323759967414,-0.129785377818,0.359835403863,-0.0298900137942,0.0,0.0,0.0
1609056057196563000,338,1609056057196563000,5.89988320365,10.744696782,4.32418740251,0.869196215524,0.492942628905,0.0254554967718,-0.0292834630901,-0.158338430825,0.310629343255,-0.0549187245926,0.0,0.0,0.0
1609056057296589000,339,1609056057296589000,5.88313455863,10.7730648328,4.31956598698,0.869187626649,0.492970272466,0.0288096282862,-0.0257523875151,-0.191732898333,0.263632526414,-0.0546942498971,0.0,0.0,0.0
1609056057396596000,340,1609056057396596000,5.86936523922,10.7946782438,4.32313077084,0.869210787855,0.492879420558,0.0333822755688,-0.0206907405363,-0.233912059025,0.213518257068,-0.071301093525,0.0,0.0,0.0
1609056057496624000,341,1609056057496624000,5.84514953283,10.8170968413,4.31757139899,0.869433622486,0.492712170518,0.0331430638679,-0.0148805387093,-0.290390478832,0.177801645247,-0.0949565385658,0.0,0.0,0.0
1609056057596633000,342,1609056057596633000,5.81528608557,10.8363121748,4.30994079058,0.869504022552,0.492995058095,0.0284335051015,-0.0104958681142,-0.361156075071,0.161597221572,-0.0796378484678,0.0,0.0,0.0
1609056057696690000,343,1609056057696690000,5.78032835314,10.8524593642,4.30363087416,0.869111288242,0.493904606301,0.0244756903158,-0.0102347011801,-0.4029980315,0.142229633221,-0.0619474939718,0.0,0.0,0.0
1609056057796719000,344,1609056057796719000,5.74858504014,10.8614681428,4.30534817811,0.868637289855,0.494905510599,0.0207429148111,-0.0103694617777,-0.439752444825,0.121745867444,-0.0588801584025,0.0,0.0,0.0
1609056057896773000,345,1609056057896773000,5.70219897775,10.8739700265,4.29760824139,0.868147137956,0.495868324915,0.018104424264,-0.0103624816832,-0.478825464489,0.114559370806,-0.0525807132771,0.0,0.0,0.0
1609056057996777000,346,1609056057996777000,5.65518881431,10.8827296883,4.29037552467,0.867381575274,0.497234134676,0.016312707351,-0.0118875466919,-0.511077595688,0.105863315109,-0.0515385253889,0.0,0.0,0.0
1609056058096803000,347,1609056058096803000,5.61371570639,10.8898272351,4.29051094385,0.865809346,0.499983226917,0.0162335930198,-0.0112880307436,-0.535935400609,0.0889356861992,-0.0478301063223,0.0,0.0,0.0
1609056058196835000,348,1609056058196835000,5.55858590616,10.9000954603,4.28845670816,0.863721406649,0.503637095954,0.0152477544589,-0.0101248832089,-0.572393870268,0.0828371362349,-0.061770401931,0.0,0.0,0.0
1609056058296886000,349,1609056058296886000,5.50093613047,10.9075843053,4.28315410079,0.861297668102,0.507849058007,0.0132470929667,-0.00895409022664,-0.598029362138,0.0789332222189,-0.0535715696041,0.0,0.0,0.0
1609056058396880000,350,1609056058396880000,5.43899223197,10.8953873556,4.27316712531,0.858628195098,0.512287870759,0.016614159798,-0.00653679965816,-0.630652773468,0.064052933771,-0.0183878396181,0.0,0.0,0.0
1609056058496963000,351,1609056058496963000,5.37351793147,10.9014031016,4.26666048939,0.854931717297,0.518342973196,0.0196473335803,-0.00512866265405,-0.684130244912,0.0633857326448,-0.0212437886873,0.0,0.0,0.0
1609056058596970000,352,1609056058596970000,5.30796443191,10.8925318364,4.25482441374,0.85089163136,0.524872770287,0.021752555292,-0.00433970403501,-0.73082713328,0.0487718752564,-0.0293765647017,0.0,0.0,0.0
1609056058696958000,353,1609056058696958000,5.2317234432,10.8991635312,4.25052413694,0.846473141807,0.531972147845,0.021871025563,-0.00324227653405,-0.78274470231,0.0432395995342,-0.0382367461097,0.0,0.0,0.0
1609056058796999000,354,1609056058796999000,5.15941912197,10.9027178816,4.24159552607,0.84227053102,0.538676578285,0.0195425426785,-0.00509760815151,-0.825993398445,0.040218944059,-0.0383392372618,0.0,0.0,0.0
1609056058897077000,355,1609056058897077000,5.0800831997,10.9065627485,4.23943061894,0.838077863741,0.54519756747,0.0179915539344,-0.00783649913297,-0.852513056349,0.0288155773685,-0.0289558737198,0.0,0.0,0.0
1609056058997053000,356,1609056058997053000,4.98738653667,10.9113155262,4.23643683619,0.833909053929,0.55156439732,0.0174266255373,-0.00828963857236,-0.904059476143,0.0220558734233,-0.0451351430699,0.0,0.0,0.0
1609056059097104000,357,1609056059097104000,4.89828688289,10.9179738867,4.23130715884,0.829164130406,0.558628698045,0.01567348299,-0.0132349725747,-0.934236501656,0.0148659284349,-0.0265062581064,0.0,0.0,0.0
1609056059197159000,358,1609056059197159000,4.80418844642,10.924550415,4.22605735444,0.823891055892,0.566405754431,0.0149218185331,-0.0128603538398,-0.974202256611,0.00819436778308,-0.0249820552642,0.0,0.0,0.0
1609056059297217000,359,1609056059297217000,4.70099842837,10.9277708148,4.22665459499,0.817158770868,0.576102947315,0.010736614077,-0.0155454947296,-1.00604184219,-0.0031088096254,-0.0224970529206,0.0,0.0,0.0
1609056059397196000,360,1609056059397196000,4.60098355603,10.9281577211,4.22460552255,0.810479390116,0.585508269397,0.00744902111964,-0.0157396553199,-1.00977206927,-0.014729168383,-0.0169090695217,0.0,0.0,0.0
1609056059497266000,361,1609056059497266000,4.49887649068,10.9273704187,4.22329801349,0.803619498387,0.594878375269,0.00548888640247,-0.0168906061431,-1.02929576967,-0.0199172379361,-0.00358069949662,0.0,0.0,0.0
1609056059597316000,362,1609056059597316000,4.39558788448,10.925832234,4.22201801165,0.795320600262,0.605895239082,0.0036451131045,-0.0185152695968,-1.03994887807,-0.0318669343261,-0.014711839914,0.0,0.0,0.0
1609056059697287000,363,1609056059697287000,4.28828557275,10.9236296561,4.2199484759,0.78236704116,0.622545658269,0.00439071714396,-0.0178728251708,-1.12938671745,-0.0222506942709,-0.011166820739,0.0,0.0,0.0
1609056059797352000,364,1609056059797352000,4.17454257609,10.9189726734,4.21860391483,0.762711403988,0.646449774235,0.00552104168959,-0.0185343388319,-1.17333211572,-0.049467525722,-0.0109970218931,0.0,0.0,0.0
1609056059897371000,365,1609056059897371000,4.05811285589,10.9112129576,4.21764267641,0.739801179465,0.672535049175,0.00354345761671,-0.0194490719975,-1.15147987599,-0.0864523221119,0.0205514813653,0.0,0.0,0.0
1609056059997395000,366,1609056059997395000,3.94576092397,10.9010526305,4.21869053364,0.720772460715,0.692854063874,0.000491597239296,-0.020977711521,-1.09672739121,-0.111335336705,0.0295348231732,0.0,0.0,0.0
1609056060097389000,367,1609056060097389000,3.8369837852,10.8894586582,4.22174805097,0.706915914591,0.7069362988,-0.00392445398267,-0.0222611275307,-1.0416765711,-0.124823216347,0.0557905524902,0.0,0.0,0.0
1609056060197444000,368,1609056060197444000,3.73380796905,10.8774633345,4.22693019577,0.697021173838,0.716682911942,-0.006444478565,-0.0220353272693,-0.995850271473,-0.127885289163,0.0797733848691,0.0,0.0,0.0
1609056060297459000,369,1609056060297459000,3.63347242233,10.8658168871,4.23311902128,0.689307951662,0.72418389858,-0.00561174952256,-0.0195124852474,-0.970087675276,-0.125311956055,0.0882815215092,0.0,0.0,0.0
1609056060397487000,370,1609056060397487000,3.53296797553,10.8552981647,4.24010271824,0.682049328425,0.731133039354,-0.000970373344066,-0.0158824033542,-0.990664206154,-0.123976404888,0.0965022085148,0.0,0.0,0.0
1609056060497535000,371,1609056060497535000,3.43088319746,10.8445214159,4.24842804352,0.673908011859,0.738637062274,0.00253229927492,-0.0160271409393,-0.992778222098,-0.1214185031,0.111906294037,0.0,0.0,0.0
1609056060597577000,372,1609056060597577000,3.32778349381,10.8335635866,4.25632273398,0.666453641383,0.745245097286,0.00538001629621,-0.0205022994638,-0.988196283938,-0.124968981883,0.12743347064,0.0,0.0,0.0
1609056060697635000,373,1609056060697635000,3.2262960674,10.8216331296,4.26675535116,0.660488597216,0.750194934175,0.0113387447919,-0.0288757086795,-0.984629022607,-0.144411491765,0.148900804532,0.0,0.0,0.0
1609056060797618000,374,1609056060797618000,3.13111364547,10.8052104546,4.27471010063,0.655178170786,0.75445780328,0.015570002175,-0.035952227017,-0.971579894405,-0.193075140365,0.105211472461,0.0,0.0,0.0
1609056060898047000,375,1609056060898047000,3.03873783609,10.7822514889,4.28118665654,0.650130294697,0.75872301938,0.0167670382848,-0.0372672269722,-0.956645988815,-0.249392093242,0.068712309152,0.0,0.0,0.0
1609056060997648000,376,1609056060997648000,2.94825418744,10.7540486839,4.28800889358,0.64479255699,0.763222049544,0.0168212739123,-0.0381012635525,-0.94147957388,-0.301406630526,0.0705130912859,0.0,0.0,0.0
1609056061097700000,377,1609056061097700000,2.85621366957,10.7220862449,4.29693947403,0.63903739433,0.767939294969,0.0220518963066,-0.0376053421719,-0.938132951743,-0.355166093006,0.0777481550947,0.0,0.0,0.0
1609056061197744000,378,1609056061197744000,2.76323644175,10.6846744924,4.30366004472,0.633179893684,0.772691799748,0.0240578186012,-0.0381028371808,-0.935065677358,-0.417568579658,0.0300647092606,0.0,0.0,0.0
1609056061297777000,379,1609056061297777000,2.66901471978,10.6411125957,4.30518775664,0.627375155135,0.777759284096,0.0194962711269,-0.0333287583754,-0.934253603056,-0.476195454547,-0.0255160626721,0.0,0.0,0.0
1609056061397792000,380,1609056061397792000,2.57760650753,10.5918395197,4.30655564343,0.62131268129,0.782919166161,0.0110936982368,-0.0297499778991,-0.930636108881,-0.513203082451,-0.00976552209591,0.0,0.0,0.0
1609056061497817000,381,1609056061497817000,2.48614403955,10.5410146163,4.30977796361,0.614237082091,0.788632019054,0.0056588628739,-0.0272088731396,-0.933873985683,-0.532435443591,0.00131074151106,0.0,0.0,0.0
1609056061597875000,382,1609056061597875000,2.39853994922,10.4873965851,4.31553477658,0.606732159152,0.794308641379,0.00349337351912,-0.0306213262885,-0.918743662852,-0.544013088395,0.0575136557783,0.0,0.0,0.0
1609056061697839000,383,1609056061697839000,2.3135807212,10.4316283127,4.32349753215,0.59973600657,0.799298093168,0.00447417586424,-0.0376730995918,-0.883043599088,-0.570554083405,0.0421890550995,0.0,0.0,0.0
1609056061797885000,384,1609056061797885000,2.22915821269,10.3740758143,4.32526009059,0.593279001887,0.803856765395,0.00280751917459,-0.0427369218002,-0.845342657432,-0.601117215986,0.0131487383159,0.0,0.0,0.0
1609056061897952000,385,1609056061897952000,2.14180598847,10.3147552328,4.32301359167,0.587059855255,0.808429842811,0.000478423694636,-0.0424462803081,-0.808987981999,-0.631222088078,-0.0146660663685,0.0,0.0,0.0
1609056061997939000,386,1609056061997939000,2.05359484207,10.2538905508,4.32140710285,0.580729081401,0.8130894883,0.00207014285014,-0.0404342990501,-0.789485860246,-0.654501273563,-0.0195681309555,0.0,0.0,0.0
1609056062097969000,387,1609056062097969000,1.96376399848,10.1905144157,4.31982406203,0.574230608577,0.817879544021,0.00417603161626,-0.0362604523655,-0.783394591694,-0.679787267668,-0.00333916425032,0.0,0.0,0.0
1609056062198044000,388,1609056062198044000,1.87948681416,10.1253609517,4.31935553889,0.567043671389,0.822805357085,0.00304899264229,-0.0379937196629,-0.775823360781,-0.702352078818,0.0184827781482,0.0,0.0,0.0
1609056062298113000,389,1609056062298113000,1.80261415261,10.0592271358,4.31520573042,0.559892542165,0.827713631103,0.000950794234661,-0.0375444017609,-0.74799483805,-0.718426912093,-0.0250593600875,0.0,0.0,0.0
1609056062398374000,390,1609056062398374000,1.71685823264,9.9888973675,4.31216481429,0.552934008172,0.832439125023,-0.00136543612362,-0.0361555157797,-0.738557807452,-0.734299995019,-0.0455305547451,0.0,0.0,0.0
1609056062498097000,391,1609056062498097000,1.63686363813,9.91795647178,4.31006723344,0.544812356706,0.837814789016,-0.00297173574746,-0.0351716373443,-0.726263663002,-0.749739620112,-0.0139594917894,0.0,0.0,0.0
1609056062598118000,392,1609056062598118000,1.56053792585,9.84285006503,4.31255885615,0.535934347094,0.843478497345,-0.00291539746261,-0.0361925486709,-0.706881257786,-0.76239597511,0.0118586194286,0.0,0.0,0.0
1609056062698330000,393,1609056062698330000,1.48650655966,9.76655384107,4.31495287942,0.526862079427,0.849119208586,-0.00277132988295,-0.0374865122904,-0.680926507969,-0.777357089052,0.0180923174189,0.0,0.0,0.0
1609056062798224000,394,1609056062798224000,1.41626515468,9.69027949119,4.31652650805,0.518252415403,0.854398680404,-0.00255958489174,-0.0375603165287,-0.651940806297,-0.788744464173,0.0422496462563,0.0,0.0,0.0
1609056062898455000,395,1609056062898455000,1.35318706486,9.61427231734,4.31908305189,0.509704258104,0.859361252855,-0.0034335427787,-0.0410854858439,-0.612818687475,-0.794676979008,0.0661088129176,0.0,0.0,0.0
1609056062998434000,396,1609056062998434000,1.28596968419,9.53183378907,4.32473655281,0.501271057068,0.864189046085,-0.0047033604875,-0.0433877675396,-0.577182277747,-0.815150848597,0.0634621916052,0.0,0.0,0.0
1609056063098674000,397,1609056063098674000,1.22199940321,9.44802532998,4.33031234771,0.492941129096,0.869013818678,-0.0050597720448,-0.0424078400758,-0.540209776875,-0.830323525962,0.0817214448957,0.0,0.0,0.0
1609056063198312000,398,1609056063198312000,1.1606856985,9.36113459715,4.33944294988,0.484063484264,0.874011475142,-0.00617052986544,-0.0418139819204,-0.505087497221,-0.846298546365,0.088178796162,0.0,0.0,0.0
1609056063298365000,399,1609056063298365000,1.11111717226,9.27852099004,4.34671479268,0.474722007536,0.879361047796,-0.00394746547133,-0.0367094088319,-0.470524698368,-0.852775659646,0.0774589167469,0.0,0.0,0.0
1609056063398461000,400,1609056063398461000,1.05865716605,9.19224616074,4.35414214132,0.465221467286,0.884525122265,-0.00354482893932,-0.0342305221532,-0.446736349744,-0.857131182651,0.0835970347811,0.0,0.0,0.0
1609056063498474000,401,1609056063498474000,1.00294395521,9.10182909552,4.36314845453,0.455794221244,0.889512159107,-0.00280881013191,-0.0318097039606,-0.442565744938,-0.869740422858,0.098485725638,0.0,0.0,0.0
1609056063598471000,402,1609056063598471000,0.951944308952,9.01114399801,4.3732394066,0.445155472141,0.894910522286,-0.00250067716073,-0.0310726461537,-0.429041459867,-0.884342794951,0.107878430735,0.0,0.0,0.0
1609056063698634000,403,1609056063698634000,0.906806010203,8.92294992985,4.38161966776,0.434184078411,0.900382037142,0.000578793820269,-0.0282141497079,-0.417218669373,-0.891862167108,0.0776068631762,0.0,0.0,0.0
1609056063798530000,404,1609056063798530000,0.865356294721,8.83405307626,4.38815787504,0.423253513323,0.905627505039,-0.000840956447666,-0.0263548547631,-0.407924673919,-0.896623657749,0.0629144841213,0.0,0.0,0.0
1609056063898504000,405,1609056063898504000,0.820849701383,8.7417958391,4.39358947657,0.412466097057,0.910599868189,-0.00220360073614,-0.0259758152202,-0.399181578296,-0.895950810604,0.038946512994,0.0,0.0,0.0
1609056063998539000,406,1609056063998539000,0.782499479145,8.65422943314,4.39483636844,0.40220012279,0.915180753703,-0.00417088561106,-0.0257265037091,-0.381180736668,-0.885545104678,0.0163716614529,0.0,0.0,0.0
1609056064098777000,407,1609056064098777000,0.742113314994,8.56489315998,4.39357714594,0.392175131874,0.919502680706,-0.00438318828907,-0.026349075401,-0.373130056067,-0.878691369802,0.00552790202869,0.0,0.0,0.0
1609056064198637000,408,1609056064198637000,0.699756468074,8.47692086957,4.38755779142,0.382086017442,0.923702977012,-0.00425556024845,-0.027658194833,-0.368404286821,-0.877615978556,-0.00701337761539,0.0,0.0,0.0
1609056064298625000,409,1609056064298625000,0.663991348551,8.39337177506,4.38050268027,0.37114665462,0.928156646337,-0.00229660071432,-0.0277511486292,-0.368957753703,-0.889823180056,-0.0187177502896,0.0,0.0,0.0
1609056064398882000,410,1609056064398882000,0.627653180574,8.30403276003,4.3762079849,0.352300581266,0.935453903384,-0.00183962551715,-0.0284061764548,-0.380197069566,-0.926364415722,-0.00150872509509,0.0,0.0,0.0
1609056064498729000,411,1609056064498729000,0.594930875059,8.21426123812,4.37562197356,0.332418173545,0.942686306482,-0.00225912864788,-0.028906431903,-0.345193355443,-0.919686949797,0.000169763317318,0.0,0.0,0.0
1609056064598749000,412,1609056064598749000,0.55921421911,8.11916340965,4.37583241427,0.315756355788,0.948373723799,-0.00457447026008,-0.0293986055693,-0.320476844051,-0.917886725974,0.00207284104173,0.0,0.0,0.0
1609056064698779000,413,1609056064698779000,0.528813398312,8.02769915637,4.37625429156,0.300613335377,0.953300988948,-0.00561048191644,-0.028589675705,-0.292536316993,-0.904896752782,0.00279384338248,0.0,0.0,0.0
1609056064798823000,414,1609056064798823000,0.498963701681,7.93567512159,4.37738303496,0.287544784858,0.957332464204,-0.00751476492143,-0.0278581763752,-0.271345214808,-0.890874361356,0.00847318207108,0.0,0.0,0.0
1609056064898807000,415,1609056064898807000,0.467064009725,7.83886581765,4.37928764542,0.275554094085,0.960876306896,-0.00821560610428,-0.0268173059049,-0.257894511108,-0.883199808336,0.0149550063897,0.0,0.0,0.0
1609056064998842000,416,1609056064998842000,0.435310759663,7.74440825949,4.38056520654,0.264112978301,0.964118190056,-0.00728220333126,-0.0258344694317,-0.250649546021,-0.88392031067,0.00911641151398,0.0,0.0,0.0
1609056065098917000,417,1609056065098917000,0.403284308118,7.64729024871,4.38197909619,0.25301368202,0.967111322273,-0.00641498877927,-0.0252708322101,-0.249129493521,-0.885847887948,0.0262335333663,0.0,0.0,0.0
1609056065198887000,418,1609056065198887000,0.374706565257,7.55031284339,4.38392886778,0.242129522734,0.969900401719,-0.00407540363258,-0.0254930588979,-0.24120770766,-0.888813813474,0.0270340566831,0.0,0.0,0.0
1609056065298939000,419,1609056065298939000,0.350943557111,7.45768139559,4.38614072118,0.231504411561,0.972466369091,-0.00308797187816,-0.0265581031844,-0.233736554248,-0.89509466501,0.0266480908235,0.0,0.0,0.0
1609056065398958000,420,1609056065398958000,0.333242642771,7.37307140529,4.38685739906,0.221130191796,0.974815961394,-0.00387456667191,-0.0286403111077,-0.215436995843,-0.89390597753,0.0190567462461,0.0,0.0,0.0
1609056065498993000,421,1609056065498993000,0.31916653195,7.29044491979,4.38664494333,0.210628716956,0.977110506116,-0.00363859423256,-0.029620315041,-0.189531132094,-0.883784689387,0.018282950173,0.0,0.0,0.0
1609056065599052000,422,1609056065599052000,0.302545478985,7.20175379765,4.38663036519,0.200149256176,0.979268698926,-0.0056803547345,-0.0306728565059,-0.166727536906,-0.88438433516,0.00769323322082,0.0,0.0,0.0
1609056065699083000,423,1609056065699083000,0.281831319435,7.10735219753,4.38514218607,0.1893093344,0.981427785119,-0.0070321432184,-0.0301997924912,-0.148593611163,-0.889078544175,-0.00657447636311,0.0,0.0,0.0
1609056065799092000,424,1609056065799092000,0.263964169425,7.01806780162,4.38219329768,0.178384432697,0.983486787883,-0.00520231562117,-0.0300943207754,-0.13411055712,-0.887516651135,-0.0286753295396,0.0,0.0,0.0
1609056065899173000,425,1609056065899173000,0.24994635849,6.93138067269,4.37705512815,0.167632299069,0.985373717356,-0.00548664879453,-0.0301321445779,-0.117022232984,-0.887736029686,-0.0549250889207,0.0,0.0,0.0
1609056065999126000,426,1609056065999126000,0.236698467444,6.84141949765,4.37119681122,0.157022581628,0.987130976745,-0.00538178945029,-0.0297889233066,-0.0965568342894,-0.885186333615,-0.051939891611,0.0,0.0,0.0
1609056066099148000,427,1609056066099148000,0.225258611336,6.74854105372,4.3664272717,0.146263055357,0.988819903664,-0.00461106302675,-0.0286540547398,-0.0775695423719,-0.895780204007,-0.0652096782506,0.0,0.0,0.0
1609056066199209000,428,1609056066199209000,0.217271192745,6.65603980223,4.36124829634,0.135371820719,0.990423883772,-0.00304514775097,-0.0269393333954,-0.0627928733828,-0.903947637775,-0.0633280695027,0.0,0.0,0.0
1609056066299205000,429,1609056066299205000,0.210487365922,6.55907231912,4.35690324748,0.124549620589,0.99187769804,-0.00249157037445,-0.0256868880642,-0.0526917892424,-0.916104079054,-0.05450677231,0.0,0.0,0.0
1609056066399251000,430,1609056066399251000,0.204882138869,6.46332966742,4.35283160985,0.113683228179,0.993181377483,-0.00409987307014,-0.0254963937286,-0.0415862316079,-0.924883522856,-0.0397564207101,0.0,0.0,0.0
1609056066499339000,431,1609056066499339000,0.201167468385,6.37268086567,4.34866409711,0.102787046805,0.994367865717,-0.00397535071997,-0.0255258148903,-0.0299733821916,-0.927982038441,-0.0284367964376,0.0,0.0,0.0
1609056066599347000,432,1609056066599347000,0.199161586889,6.28324365959,4.34557547597,0.0917931860472,0.995434862309,-0.00372626327737,-0.0258758740512,-0.0151972717048,-0.925438012112,-0.0196337756445,0.0,0.0,0.0
1609056066699333000,433,1609056066699333000,0.196263794648,6.18936250024,4.34429651493,0.0808287290916,0.996362082758,-0.00525508725697,-0.0264896329548,-0.00258443043945,-0.928463238858,-0.00210595821295,0.0,0.0,0.0
1609056066799373000,434,1609056066799373000,0.194051779766,6.08959694181,4.34395527816,0.0699773816058,0.997161996921,-0.00539289529109,-0.0272403127831,0.0124791052922,-0.935713951915,-0.0122156217129,0.0,0.0,0.0
1609056066899410000,435,1609056066899410000,0.196139376721,5.99542310733,4.34177850433,0.0594531580575,0.997872473757,-0.00509061982869,-0.0262665891247,0.0288894667956,-0.933690475295,-0.0343942754511,0.0,0.0,0.0
1609056066999460000,436,1609056066999460000,0.199554403148,5.9009990931,4.33890618419,0.048997929803,0.998455996715,-0.00594414106984,-0.0254851463707,0.0394400624169,-0.94219041927,-0.0230141321996,0.0,0.0,0.0
1609056067099464000,437,1609056067099464000,0.205072292616,5.81135077405,4.33605874999,0.0382499078605,0.998915602467,-0.00687309505374,-0.0256383357851,0.0511925099615,-0.934814638056,-0.0331730976861,0.0,0.0,0.0
1609056067199505000,438,1609056067199505000,0.211109869846,5.71524661777,4.33207572646,0.0276305209601,0.999258582385,-0.00708671151322,-0.0258576557725,0.065645132149,-0.935473328668,-0.0300222873602,0.0,0.0,0.0
1609056067299548000,439,1609056067299548000,0.219098567353,5.61969503563,4.32951707516,0.0171216280499,0.99946218947,-0.00739192291478,-0.0269729706817,0.0804121541849,-0.941672575197,-0.0331232451576,0.0,0.0,0.0
1609056067399543000,440,1609056067399543000,0.229145690867,5.52732767274,4.32663732309,0.00662690534975,0.999519935295,-0.00955983130258,-0.0287157221492,0.100426480689,-0.934929562313,-0.0340619280774,0.0,0.0,0.0
1609056067499544000,441,1609056067499544000,0.242074500549,5.44191017825,4.32380680297,-0.00395497702195,0.999481210444,-0.0107867815496,-0.0300884274947,0.128191584287,-0.915251572878,-0.032545729323,0.0,0.0,0.0
1609056067599624000,442,1609056067599624000,0.25765485909,5.36105702001,4.31980375529,-0.0144712983676,0.999354639419,-0.0127557376338,-0.0303014414337,0.154745345238,-0.891910990994,-0.0423519626345,0.0,0.0,0.0
1609056067699626000,443,1609056067699626000,0.274898070302,5.27497126236,4.31652452664,-0.024689238059,0.999097654837,-0.0141375524536,-0.0315348574361,0.18208108291,-0.874851577609,-0.034337283547,0.0,0.0,0.0
1609056067799680000,444,1609056067799680000,0.294640493249,5.19512199408,4.31334978718,-0.0346456177386,0.998737427048,-0.0149774690347,-0.0331497874222,0.212113863926,-0.851256116302,-0.0231016523845,0.0,0.0,0.0
1609056067899746000,445,1609056067899746000,0.317101727477,5.11592356774,4.31047645872,-0.0443077292875,0.998284756534,-0.0169895091468,-0.034288869555,0.244236195124,-0.828671645301,-0.0279533903975,0.0,0.0,0.0
1609056067999727000,446,1609056067999727000,0.342876468852,5.02478888187,4.30810535648,-0.0539722663674,0.997757136754,-0.0183778656779,-0.0350705656062,0.279087860174,-0.816926823025,-0.0298439250844,0.0,0.0,0.0
1609056068099776000,447,1609056068099776000,0.373068916144,4.94593653365,4.30592659911,-0.0636850116104,0.997235997081,-0.0170918951008,-0.0342410943822,0.315187737803,-0.795202130187,-0.0199884922433,0.0,0.0,0.0
1609056068199823000,448,1609056068199823000,0.406680474393,4.86220294974,4.30519733074,-0.0739808478494,0.996555802461,-0.0177333961315,-0.0329983847189,0.349107943941,-0.783542660598,-0.0104322810054,0.0,0.0,0.0
1609056068299833000,449,1609056068299833000,0.44285946149,4.78140890799,4.30508996233,-0.0844974345595,0.995795057454,-0.0170262930665,-0.0310240623922,0.378532036627,-0.768501889009,-0.0115506461157,0.0,0.0,0.0
1609056068399880000,450,1609056068399880000,0.482004186378,4.7013496234,4.3061793697,-0.0951976423255,0.994873603184,-0.0176782661835,-0.029178784905,0.401694708634,-0.752797637397,0.00517794680331,0.0,0.0,0.0
1609056068499874000,451,1609056068499874000,0.523060024337,4.62793631418,4.30621118042,-0.106174842499,0.993782668486,-0.017957593348,-0.0282919684542,0.423916621531,-0.73708984424,-0.0128622017765,0.0,0.0,0.0
1609056068599927000,452,1609056068599927000,0.566301197764,4.55529216282,4.30609897504,-0.117215117803,0.992564353336,-0.0188713028953,-0.0268420299512,0.442342956226,-0.718793351568,0.00466909497915,0.0,0.0,0.0
1609056068699948000,453,1609056068699948000,0.611514559956,4.48134885184,4.30675546988,-0.128251211243,0.991238348443,-0.0182572212842,-0.0257844383617,0.461977209517,-0.701377018007,0.0157074619986,0.0,0.0,0.0
1609056068799997000,454,1609056068799997000,0.65877596297,4.40330327508,4.30963902074,-0.139119352918,0.989798786277,-0.018134019951,-0.0248057583847,0.473712948286,-0.688966133537,0.0346822465883,0.0,0.0,0.0
1609056068899997000,455,1609056068899997000,0.705908355232,4.33663705565,4.31195828333,-0.150086667958,0.988185769683,-0.0186118913977,-0.0248288983954,0.485437962697,-0.668989634067,0.0326354214111,0.0,0.0,0.0
1609056069000034000,456,1609056069000034000,0.754747046615,4.26700938962,4.31388201896,-0.161120977187,0.986413805622,-0.0195934715211,-0.0253757888936,0.50004725396,-0.651271121833,0.0407391403114,0.0,0.0,0.0
1609056069100047000,457,1609056069100047000,0.805498366031,4.19621523089,4.31589805185,-0.172353895093,0.984536131906,-0.0186555710375,-0.0251934413609,0.514875219101,-0.637597052543,0.0459263200237,0.0,0.0,0.0
1609056069200106000,458,1609056069200106000,0.858434709767,4.12383866766,4.32094496139,-0.183681773937,0.982498359037,-0.017884191517,-0.0252613559784,0.52848564696,-0.626095857273,0.0651405100838,0.0,0.0,0.0
1609056069300112000,459,1609056069300112000,0.911325759576,4.06138009342,4.32593082782,-0.195107723272,0.980368895658,-0.0159379484437,-0.0235751255764,0.538951137714,-0.611313157222,0.0677737817085,0.0,0.0,0.0
1609056069400166000,460,1609056069400166000,0.968299709713,3.99039926353,4.33234438806,-0.206428901416,0.978076811252,-0.0145637642593,-0.0232541764555,0.549991771586,-0.616047739028,0.0797768990324,0.0,0.0,0.0
1609056069500150000,461,1609056069500150000,1.02494708503,3.92540050062,4.34000652961,-0.217634525039,0.975630750121,-0.0136426419917,-0.024366601085,0.565008166319,-0.609919089974,0.0864580474967,0.0,0.0,0.0
1609056069600233000,462,1609056069600233000,1.08414362875,3.85907634448,4.34693364081,-0.228851494704,0.973090500606,-0.0127823656024,-0.0236322265591,0.580877926712,-0.603648362739,0.100683747497,0.0,0.0,0.0
1609056069700214000,463,1609056069700214000,1.144410118,3.79323695728,4.35570549566,-0.240273076401,0.970351132505,-0.0131723713928,-0.0226719438015,0.591767205826,-0.605957589284,0.108274870218,0.0,0.0,0.0
1609056069800273000,464,1609056069800273000,1.20558327064,3.7289840312,4.36607687593,-0.251863585013,0.967381909688,-0.0127632235015,-0.0239598722663,0.602750747829,-0.602034979017,0.108581173677,0.0,0.0,0.0
1609056069900312000,465,1609056069900312000,1.26725716267,3.66704919772,4.37513135438,-0.263684620572,0.964202743974,-0.0130118894982,-0.0247826576355,0.615348118468,-0.591810440321,0.0837090755301,0.0,0.0,0.0
1609056070000325000,466,1609056070000325000,1.32967781465,3.60825562776,4.38313468472,-0.275485024221,0.960895568996,-0.0126153267845,-0.0250711077606,0.630332184379,-0.581676978159,0.089011648753,0.0,0.0,0.0
1609056070100344000,467,1609056070100344000,1.39361204928,3.5498708362,4.39082325075,-0.287165571465,0.957459410129,-0.0130404818181,-0.0252459572068,0.643950582488,-0.572986072324,0.087232920797,0.0,0.0,0.0
1609056070200380000,468,1609056070200380000,1.45789292203,3.49318285945,4.39841263355,-0.29889411113,0.953853343979,-0.0138552618061,-0.0251821411215,0.655813924562,-0.558960693108,0.0629021934248,0.0,0.0,0.0
1609056070300433000,469,1609056070300433000,1.52321809164,3.4370010516,4.40393179403,-0.310299115961,0.950227306354,-0.0142759624152,-0.0240566371329,0.669293914055,-0.547364403872,0.0398973105242,0.0,0.0,0.0
1609056070400493000,470,1609056070400493000,1.59201893551,3.37926962616,4.4094915966,-0.321687150835,0.946454442075,-0.0134487299388,-0.0236748332085,0.683072810383,-0.535868127381,0.0401614305826,0.0,0.0,0.0
1609056070500510000,471,1609056070500510000,1.65927040296,3.3286221386,4.41385449235,-0.333070745148,0.942516578006,-0.0131460048049,-0.0235278870218,0.689585303597,-0.520290395011,0.0311631254097,0.0,0.0,0.0
1609056070600510000,472,1609056070600510000,1.72795279351,3.28064463565,4.41515556336,-0.34421631201,0.93849346776,-0.0152794192986,-0.0226203639175,0.700252873662,-0.499839352903,0.0203472252918,0.0,0.0,0.0
1609056070700504000,473,1609056070700504000,1.79808877985,3.23509440531,4.41651281603,-0.355534466028,0.934224256997,-0.0178932125103,-0.0223632299065,0.709923458572,-0.472423661493,0.0120483526167,0.0,0.0,0.0
1609056070800567000,474,1609056070800567000,1.87195822107,3.18582823189,4.41944107281,-0.366809186786,0.929884812788,-0.0194816148811,-0.0196398094869,0.712167008625,-0.448346552696,0.0295840452178,0.0,0.0,0.0
1609056070900611000,475,1609056070900611000,1.93971786324,3.14750191858,4.42383242061,-0.377826729628,0.92549433927,-0.0198011620719,-0.017751178515,0.70507846157,-0.414675382786,0.0384666278678,0.0,0.0,0.0
1609056071000598000,476,1609056071000598000,2.00921494176,3.10804420119,4.42767041258,-0.388706784092,0.921021256192,-0.0193153574258,-0.0159310580557,0.694497117093,-0.389760329617,0.0360596661557,0.0,0.0,0.0
1609056071100696000,477,1609056071100696000,2.07899952421,3.07009628546,4.43110887646,-0.399444589812,0.916429284934,-0.0192655265008,-0.0151731629673,0.686705232751,-0.365938511911,0.0291636155614,0.0,0.0,0.0
1609056071200717000,478,1609056071200717000,2.14615966544,3.03556671305,4.43332799981,-0.409934470186,0.91180057973,-0.019948136512,-0.013247822723,0.672887610893,-0.336541214548,0.03811285654,0.0,0.0,0.0
1609056071300696000,479,1609056071300696000,2.21000362022,3.00513798786,4.43566125472,-0.419905825934,0.907270801741,-0.020304456881,-0.0112480525713,0.651275778817,-0.309588572033,0.0319694328113,0.0,0.0,0.0
1609056071400768000,480,1609056071400768000,2.27990730454,2.96919079715,4.44002347368,-0.429844525041,0.90261238296,-0.0206493987811,-0.00990821628445,0.643283524283,-0.294716898112,0.0569351846938,0.0,0.0,0.0
1609056071500847000,481,1609056071500847000,2.34568062945,2.93803390486,4.44502008643,-0.439425791547,0.897975070356,-0.0212989718985,-0.00959690254038,0.621200949333,-0.271976107969,0.0705523115079,0.0,0.0,0.0
1609056071600821000,482,1609056071600821000,2.40873299348,2.91067358429,4.45051399964,-0.448809724794,0.893316384483,-0.0208325832987,-0.0110304858618,0.603566350929,-0.248280688622,0.0691099895592,0.0,0.0,0.0
1609056071700877000,483,1609056071700877000,2.46927775699,2.88628506876,4.45530286765,-0.457713426885,0.888757364995,-0.0217633682115,-0.0116241481803,0.585198641857,-0.222737836122,0.0582060514191,0.0,0.0,0.0
1609056071800878000,484,1609056071800878000,2.52782701673,2.86375835676,4.45898656089,-0.465938716733,0.884474224086,-0.0212986234773,-0.0123623547505,0.566115086732,-0.197886131392,0.0425712783152,0.0,0.0,0.0
1609056071900952000,485,1609056071900952000,2.58778245053,2.84086631992,4.4624795255,-0.473944605925,0.880243888194,-0.0186803902757,-0.0140801573647,0.554603528885,-0.174301380167,0.028643016979,0.0,0.0,0.0
1609056072000911000,486,1609056072000911000,2.6470038959,2.82049532593,4.46500500453,-0.481640474089,0.87610634624,-0.0143247513489,-0.0159663801789,0.556600490243,-0.160531322501,0.0245600037436,0.0,0.0,0.0
1609056072100935000,487,1609056072100935000,2.7044993975,2.80265197221,4.46706076422,-0.489005377484,0.872023320342,-0.0102402483677,-0.0185528133714,0.558449988132,-0.148783051278,0.0127130838883,0.0,0.0,0.0
1609056072201026000,488,1609056072201026000,2.76029629989,2.79064124988,4.46839525175,-0.496123697227,0.867987802197,-0.00915675848389,-0.0193547426116,0.575260785361,-0.143060470759,0.0240184085401,0.0,0.0,0.0
1609056072300992000,489,1609056072300992000,2.81382328415,2.78098016209,4.47027925656,-0.503651809418,0.86362627757,-0.0115721445045,-0.0187241296937,0.579623381035,-0.130148279938,0.0177004556713,0.0,0.0,0.0
1609056072401039000,490,1609056072401039000,2.8707746743,2.76955650044,4.4724886116,-0.511135037681,0.859197546183,-0.0120735857514,-0.0193591945702,0.582733058878,-0.118028586543,0.00938884987469,0.0,0.0,0.0
1609056072501029000,491,1609056072501029000,2.92815346525,2.76020668584,4.47548401297,-0.518426723795,0.854789276948,-0.0119326317924,-0.0206551777841,0.587699545396,-0.104302087235,0.00818728949169,0.0,0.0,0.0
1609056072601144000,492,1609056072601144000,2.98128213455,2.7544924501,4.47761946736,-0.526006199458,0.850116138406,-0.0101234654966,-0.0227496109845,0.590453472403,-0.084942861407,0.0118896735298,0.0,0.0,0.0
1609056072701161000,493,1609056072701161000,3.03748730888,2.74792645046,4.47987106961,-0.533233868624,0.845553140618,-0.00759852303181,-0.0253730209175,0.597049636486,-0.0682347999228,0.0134868534293,0.0,0.0,0.0
1609056072801183000,494,1609056072801183000,3.09692844056,2.74092586849,4.48130027556,-0.540028264187,0.841127281285,-0.00446021940763,-0.0292314385513,0.61923540184,-0.0638974737163,-0.0046200314088,0.0,0.0,0.0
1609056072901270000,495,1609056072901270000,3.16240183912,2.73368905366,4.48071941433,-0.546822176861,0.836705866073,-0.00361996486557,-0.0299281878079,0.651364860697,-0.0533854050369,-0.0155407035592,0.0,0.0,0.0
1609056073001233000,496,1609056073001233000,3.23157582615,2.72681796284,4.47978166294,-0.553287759405,0.832428139907,-0.00288066400533,-0.030458971736,0.686574148059,-0.0458009017364,-0.0137389139751,0.0,0.0,0.0
1609056073101270000,497,1609056073101270000,3.30671951085,2.7197686544,4.47942496138,-0.559795233154,0.828042256567,-0.00225234126793,-0.0311487597939,0.726458747661,-0.0408266338248,-0.00987752007962,0.0,0.0,0.0
1609056073201298000,498,1609056073201298000,3.38105696251,2.71600008716,4.47754803556,-0.566299630574,0.823578684772,-0.00115609263242,-0.031961568345,0.761444750977,-0.0336988802438,-0.0198942518985,0.0,0.0,0.0
1609056073301340000,499,1609056073301340000,3.46254029441,2.71180858025,4.47591457415,-0.572785837469,0.819069841574,-0.00141096278085,-0.032233339925,0.799760095144,-0.0241482778173,-0.0292574891971,0.0,0.0,0.0
1609056073401329000,500,1609056073401329000,3.54023496796,2.71195946697,4.47512020945,-0.578977131169,0.814667583749,-0.00137887214912,-0.033170895136,0.827925160076,-0.00518091710542,-0.0094170674803,0.0,0.0,0.0
1609056073501355000,501,1609056073501355000,3.62550283949,2.71056746793,4.47359108458,-0.585014722793,0.810274941256,0.00144216459062,-0.0347881279928,0.871793410523,0.00184726380577,-0.0341046715776,0.0,0.0,0.0
1609056073601394000,502,1609056073601394000,3.71801307214,2.70995750997,4.46927994425,-0.590935552739,0.805919302953,0.00543241415083,-0.0354927952381,0.911925205785,0.0125212956005,-0.0528369417976,0.0,0.0,0.0
1609056073701439000,503,1609056073701439000,3.81235712653,2.71011979508,4.46303146591,-0.596699241991,0.801724708534,0.00717645927464,-0.0337046698009,0.963928890603,0.0104864028525,-0.0494520425156,0.0,0.0,0.0
1609056073801440000,504,1609056073801440000,3.90572917779,2.71131820122,4.4554376602,-0.602347047398,0.797565450158,0.0062050185204,-0.0320762365383,1.00342160677,0.00807803563364,-0.0683825346105,0.0,0.0,0.0
1609056073901446000,505,1609056073901446000,4.01167732338,2.71097058974,4.44814587487,-0.608065635705,0.793256602275,0.0053120041626,-0.031175763557,1.04878686276,0.00728655064527,-0.0666691266193,0.0,0.0,0.0
1609056074001478000,506,1609056074001478000,4.12067905942,2.71153711747,4.44182144351,-0.613890078173,0.788882932045,0.00248676822456,-0.0282224632758,1.08966204637,0.0100235558178,-0.0682532784589,0.0,0.0,0.0
1609056074101520000,507,1609056074101520000,4.22027586071,2.71437569846,4.43326592517,-0.620018015691,0.784306142911,-0.0054530643714,-0.0202928188895,1.11397371757,0.00866395954062,-0.0580577121237,0.0,0.0,0.0
1609056074201589000,508,1609056074201589000,4.33548582435,2.71537669978,4.42685906363,-0.626566463015,0.779092099398,-0.0182334758283,-0.00987463620817,1.1202306443,0.012688141863,-0.0523775006687,0.0,0.0,0.0
1609056074301558000,509,1609056074301558000,4.45543286975,2.71746762712,4.41925860441,-0.633173355303,0.773301715743,-0.0330881153556,0.00106545098735,1.08107837151,0.0327036225138,-0.0521839434408,0.0,0.0,0.0
1609056074401605000,510,1609056074401605000,4.55776648664,2.72206919382,4.41156256198,-0.640306580096,0.766939065831,-0.0418616951982,0.0077169464391,1.00509528228,0.0550156362706,-0.0373636281564,0.0,0.0,0.0
1609056074501633000,511,1609056074501633000,4.65611252562,2.72925987339,4.40512716035,-0.648111209994,0.760040855134,-0.0466240719237,0.0107681904019,0.918246278208,0.0844636459373,-0.0501665282986,0.0,0.0,0.0
1609056074601687000,512,1609056074601687000,4.74580133709,2.73827945457,4.3992609442,-0.656408583757,0.752937756652,-0.0459085872193,0.010242431209,0.831199935888,0.110907495324,-0.0285147500394,0.0,0.0,0.0
1609056074701693000,513,1609056074701693000,4.82726714375,2.74986611613,4.39486901054,-0.66559783339,0.745392735955,-0.0366797353548,0.00487753893782,0.749442279529,0.136886377659,-0.0273508243221,0.0,0.0,0.0
1609056074801694000,514,1609056074801694000,4.91019776901,2.76329977799,4.39216918765,-0.674723804314,0.737602174906,-0.0262824206518,-0.000232014820328,0.707815518541,0.146443080034,-0.00858007754351,0.0,0.0,0.0
1609056074901737000,515,1609056074901737000,4.99431528474,2.77738416697,4.39105354003,-0.683291269628,0.729882083132,-0.0189718918897,-0.00502522552551,0.681223887675,0.14858606445,0.0029876873328,0.0,0.0,0.0
1609056075001773000,516,1609056075001773000,5.08024807712,2.79151074472,4.38955936207,-0.691237869006,0.722420039135,-0.0133185501175,-0.0110504177154,0.686838922846,0.154413617619,-0.00461720201838,0.0,0.0,0.0
1609056075101857000,517,1609056075101857000,5.14671580649,2.81061940841,4.39151410239,-0.698940281126,0.71496224633,-0.0102398145624,-0.0143741413552,0.678092303706,0.165157448636,-0.0048589128102,0.0,0.0,0.0
1609056075201845000,518,1609056075201845000,5.20021346668,2.83291350744,4.39527043105,-0.706289128368,0.707660913078,-0.00804591865169,-0.0175203437301,0.660064922447,0.177215698433,-0.00298746071198,0.0,0.0,0.0
1609056075301851000,519,1609056075301851000,5.25311198293,2.85627524414,4.39792936311,0.713305301546,-0.700496576647,0.00558625394941,0.0216537908655,0.653403820415,0.193075016794,-0.0130230333324,0.0,0.0,0.0
1609056075401928000,520,1609056075401928000,5.31615964714,2.8788177607,4.39661858401,0.720095096791,-0.69343571277,0.00133816663575,0.0246611666875,0.6697605498,0.210581279784,-0.0434716720405,0.0,0.0,0.0
1609056075501906000,521,1609056075501906000,5.37947063602,2.89996758048,4.39062257823,0.726896299844,-0.686353402899,0.000729201488754,0.0232431466597,0.695969333819,0.219090562901,-0.0485827097205,0.0,0.0,0.0
1609056075602002000,522,1609056075602002000,5.44965284139,2.92161209738,4.38353014949,0.733771007711,-0.679025620248,0.00107522678542,0.0224312098886,0.719892842061,0.22564037414,-0.0443479481646,0.0,0.0,0.0
1609056075701994000,523,1609056075701994000,5.52093807015,2.94167120373,4.37390987029,0.740604276695,-0.671574598721,0.00225362111951,0.022085852625,0.742525118065,0.228404349555,-0.0615661940145,0.0,0.0,0.0
1609056075802016000,524,1609056075802016000,5.59942410498,2.96047572005,4.36107850535,0.747537852656,-0.663832945548,0.00352066847711,0.0223737378236,0.777226356066,0.232338978168,-0.0941686029011,0.0,0.0,0.0
1609056075902029000,525,1609056075902029000,5.68667953147,2.98146614807,4.34745867361,0.754375529157,-0.656043236776,0.00454354983528,0.0224541453645,0.80490640157,0.24420144788,-0.116456402904,0.0,0.0,0.0
1609056076002080000,526,1609056076002080000,5.77122061595,3.00383948233,4.33551597526,0.761054134024,-0.648296768486,0.00510529170474,0.0219508781625,0.829273920683,0.255469011087,-0.117758521366,0.0,0.0,0.0
1609056076102103000,527,1609056076102103000,5.85323688486,3.02783699925,4.32365893874,0.76767282563,-0.640495272835,0.00470619555458,0.0205448287593,0.844509845914,0.265269315872,-0.11271951881,0.0,0.0,0.0
1609056076202150000,528,1609056076202150000,5.93841949209,3.05388966056,4.31234004184,0.774102103354,-0.632768680562,0.0060654402253,0.018246668664,0.860566716563,0.272814437054,-0.100837152696,0.0,0.0,0.0
1609056076302195000,529,1609056076302195000,6.02005194591,3.07932648143,4.30128156283,0.780453167787,-0.624908601418,0.00661101901895,0.0183953035533,0.868876474412,0.277864760907,-0.0648051904754,0.0,0.0,0.0
1609056076402208000,530,1609056076402208000,6.08794481585,3.10174167904,4.29256384872,0.787046883887,-0.616582484384,0.00831526687901,0.0177228341711,0.862558647412,0.284158213235,-0.0580037268026,0.0,0.0,0.0
1609056076502219000,531,1609056076502219000,6.17897551078,3.13213579669,4.28824118914,0.793635137979,-0.60806422745,0.00886495790497,0.0179603892762,0.877681393065,0.3002501017,-0.00869375058067,0.0,0.0,0.0
1609056076602264000,532,1609056076602264000,6.27031936221,3.16357345054,4.28859884909,0.800163571093,-0.59940940504,0.0126356735043,0.0169400236139,0.885414874918,0.31883392279,0.0223660209204,0.0,0.0,0.0
1609056076702416000,533,1609056076702416000,6.35879053374,3.19597877736,4.29092031925,0.806314184887,-0.591054049796,0.0152328860123,0.0167482731153,0.885195343571,0.339284574124,0.0443369448142,0.0,0.0,0.0
1609056076802325000,534,1609056076802325000,6.44723320293,3.23222744297,4.29555523597,0.812425307412,-0.582639936034,0.0159341520949,0.0155540223406,0.873200475284,0.36428657715,0.0341339657763,0.0,0.0,0.0
1609056076902375000,535,1609056076902375000,6.53088969774,3.26836911269,4.29804135029,0.81854351344,-0.574005400874,0.0152518443185,0.0164832526474,0.865669238371,0.385407445758,0.0382923413168,0.0,0.0,0.0
1609056077002451000,536,1609056077002451000,6.61430886044,3.30786097134,4.30153723753,0.824626815551,-0.565196853189,0.0152697845994,0.0176058484082,0.857049223308,0.407636844935,0.0280087393557,0.0,0.0,0.0
1609056077102448000,537,1609056077102448000,6.69651216196,3.35009864506,4.30512319187,0.830768070241,-0.556151493911,0.0142664747956,0.0177875514133,0.851167422983,0.437252487424,0.0302160198513,0.0,0.0,0.0
1609056077202447000,538,1609056077202447000,6.7787346346,3.39556109996,4.30895835876,0.836688513027,-0.547220865001,0.0143872089035,0.0171658176725,0.845317812502,0.461898472561,0.0273337295943,0.0,0.0,0.0
1609056077302465000,539,1609056077302465000,6.85712215267,3.44287743534,4.31252940202,0.842535759809,-0.538199024161,0.0132108132273,0.0173429596667,0.839408764899,0.490543144815,0.0162392886866,0.0,0.0,0.0
1609056077402558000,540,1609056077402558000,6.9372790966,3.49326535869,4.31472536269,0.84822681985,-0.529210240954,0.0132903250881,0.0164666394542,0.825830035249,0.507455138831,0.0202505525732,0.0,0.0,0.0
1609056077502556000,541,1609056077502556000,7.02129735597,3.54628145114,4.31519929268,0.853924893077,-0.520024428989,0.0133976145851,0.0144004917242,0.824615622485,0.530939532661,0.0175904365868,0.0,0.0,0.0
1609056077602574000,542,1609056077602574000,7.10331298812,3.6020268405,4.3164676441,0.8594991803,-0.510807984472,0.0122788027987,0.0136232546117,0.819169215865,0.550265422211,0.0142627621169,0.0,0.0,0.0
1609056077702666000,543,1609056077702666000,7.18492509978,3.65979755446,4.31492277827,0.864998803862,-0.501498122458,0.0108796152942,0.0125831816289,0.810971647121,0.567387762877,-0.00339101330278,0.0,0.0,0.0
1609056077802672000,544,1609056077802672000,7.25936404202,3.71505214419,4.31073542262,0.870302364499,-0.49226996622,0.0101003328052,0.0119188079181,0.805683950073,0.581505693933,-0.00814532322743,0.0,0.0,0.0
1609056077902664000,545,1609056077902664000,7.3516756892,3.77730716462,4.30930407321,0.875484708855,-0.483025565141,0.0108237295724,0.0097813526129,0.809418563102,0.594939920752,-0.0075074280116,0.0,0.0,0.0
1609056078002682000,546,1609056078002682000,7.4265484122,3.83547642687,4.30747997849,0.880486522655,-0.473864660108,0.0104336504517,0.00932235280978,0.789921513755,0.591681717772,-0.0086715010896,0.0,0.0,0.0
1609056078102751000,547,1609056078102751000,7.50450037418,3.8950709148,4.3071884788,0.885244081394,-0.46490869321,0.0111652488236,0.00884084572714,0.786718166397,0.591934877162,0.0123206903243,0.0,0.0,0.0
1609056078202805000,548,1609056078202805000,7.58281919147,3.95585353314,4.30788234211,0.890058141879,-0.455656387848,0.012370042863,0.00455437447862,0.772914491483,0.591299305489,0.0170721729041,0.0,0.0,0.0
1609056078302800000,549,1609056078302800000,7.6416432587,4.00707167155,4.30722140262,0.89486735368,-0.446143398789,0.0124632420715,0.00362693145376,0.737325083445,0.571018000341,0.0333445720603,0.0,0.0,0.0
1609056078402817000,550,1609056078402817000,7.72824003479,4.07093036396,4.30829869529,0.899625744579,-0.436461937381,0.012845008339,0.00308263993943,0.730135131846,0.571600200707,0.0111509107581,0.0,0.0,0.0
1609056078502896000,551,1609056078502896000,7.8055056674,4.13120271328,4.30955310883,0.904389017749,-0.426514216467,0.012358862582,0.00365872135885,0.716714045038,0.563623242668,0.00194941237165,0.0,0.0,0.0
1609056078602925000,552,1609056078602925000,7.87272411129,4.18682114805,4.31025595952,0.909035412249,-0.416516375616,0.0118752959335,0.00526359834866,0.697790454735,0.56054294786,0.0135676923639,0.0,0.0,0.0
1609056078702905000,553,1609056078702905000,7.93751886249,4.24162307151,4.31109467403,0.91354343803,-0.406482009038,0.0132845475192,0.00585525049788,0.677805185992,0.558971388347,0.00528208134597,0.0,0.0,0.0
1609056078802942000,554,1609056078802942000,7.99675924128,4.29475706088,4.31041341146,0.918025278893,-0.396196059322,0.0145149762659,0.00689821395478,0.655300383262,0.558748736743,0.00930227907994,0.0,0.0,0.0
1609056078902943000,555,1609056078902943000,8.0649916175,4.35426934947,4.31115097222,0.922383369004,-0.385884010902,0.0143956141539,0.00975792032784,0.641028107897,0.573987953433,0.0154131526031,0.0,0.0,0.0
1609056079003039000,556,1609056079003039000,8.12894676133,4.41380116336,4.31104919983,0.926647108401,-0.375454952822,0.0143492806595,0.0123617570941,0.630877851473,0.59184009189,0.021024723176,0.0,0.0,0.0
1609056079103056000,557,1609056079103056000,8.20737682087,4.4838270953,4.31325433055,0.930850827127,-0.364854637875,0.0161095586353,0.0117606538603,0.623652313744,0.614078282038,-0.00738361623987,0.0,0.0,0.0
1609056079203093000,558,1609056079203093000,8.26204562986,4.54255859702,4.31276417129,0.934960639499,-0.354264101316,0.0146220018386,0.0114780733673,0.592729496481,0.620844149588,-0.0657767946992,0.0,0.0,0.0
1609056079303171000,559,1609056079303171000,8.31583668526,4.60439549736,4.30611133063,0.939000068814,-0.343461785487,0.0113446460102,0.0135709868506,0.582619303589,0.637076542209,-0.0832302860045,0.0,0.0,0.0
1609056079403192000,560,1609056079403192000,8.35591223451,4.65903451048,4.29663109278,0.942807273838,-0.332916888687,0.0122892836131,0.0113913622263,0.558455181888,0.636829518408,-0.0711151208524,0.0,0.0,0.0
1609056079503242000,561,1609056079503242000,8.3991777648,4.71644593449,4.28756011013,0.94643279854,-0.322324067917,0.0162014779291,0.0104721154668,0.530319247496,0.637467717459,-0.0796291516708,0.0,0.0,0.0
1609056079603143000,562,1609056079603143000,8.46045681423,4.78848579351,4.27749068588,0.94995866952,-0.311636948627,0.0186085306092,0.0107079896704,0.519249417837,0.661739205455,-0.121046606523,0.0,0.0,0.0
1609056079703174000,563,1609056079703174000,8.50281149546,4.85039822606,4.2659155497,0.95333726141,-0.300954072774,0.0208785024925,0.0117813505657,0.488341000867,0.676982314646,-0.126068737919,0.0,0.0,0.0
1609056079803212000,564,1609056079803212000,8.54754597544,4.91796615361,4.25363846876,0.956561376463,-0.290352031265,0.0238668885012,0.0107890051515,0.451710691973,0.692213468413,-0.117812367137,0.0,0.0,0.0
1609056079903271000,565,1609056079903271000,8.58776617072,4.98754955,4.24105061806,0.95972750971,-0.279660657268,0.0248435489511,0.00978886912586,0.413688351544,0.712380575279,-0.135854903694,0.0,0.0,0.0
1609056080003268000,566,1609056080003268000,8.63680782303,5.06927807065,4.22745809985,0.962777161885,-0.268964046271,0.0244195241549,0.0110528370034,0.391073188485,0.743223749643,-0.157293295085,0.0,0.0,0.0
1609056080103324000,567,1609056080103324000,8.67542333345,5.14734246723,4.2135003696,0.965780276446,-0.257898967463,0.0244028235278,0.0126918246719,0.353943710499,0.763542787669,-0.173115931767,0.0,0.0,0.0
1609056080203381000,568,1609056080203381000,8.70058105611,5.21639109688,4.19855847229,0.968695845011,-0.246944627359,0.0233645712577,0.0100403031703,0.312610951515,0.778366501246,-0.164704954155,0.0,0.0,0.0
1609056080303412000,569,1609056080303412000,8.7359624152,5.30366705616,4.18248773214,0.971438901159,-0.236120017329,0.0220555424701,0.00820681286851,0.279439116344,0.801491568204,-0.158317636687,0.0,0.0,0.0
1609056080403473000,570,1609056080403473000,8.76687970453,5.39310969465,4.16737226384,0.974100315128,-0.225056064524,0.0207017064908,0.00705572367379,0.258168783098,0.824033235591,-0.154261016255,0.0,0.0,0.0
1609056080503463000,571,1609056080503463000,8.78943204849,5.47802314668,4.15397432127,0.976647908541,-0.213761014988,0.0202698737662,0.00736365604298,0.223773003946,0.8372338753,-0.148601610113,0.0,0.0,0.0
1609056080603473000,572,1609056080603473000,8.79835112957,5.54802354509,4.14140082442,0.978997825856,-0.20278402362,0.0194371346732,0.00800590595121,0.183902266823,0.829122027644,-0.127209508111,0.0,0.0,0.0
1609056080703579000,573,1609056080703579000,8.8122254594,5.63210855822,4.13030823183,0.981218657187,-0.191760306764,0.019089443017,0.00857465473249,0.147761543415,0.843978616637,-0.105517244479,0.0,0.0,0.0
1609056080803496000,574,1609056080803496000,8.82441500269,5.72001318995,4.12146889427,0.983246077123,-0.180813461181,0.0202530151008,0.011111231154,0.113753712258,0.859351827706,-0.0828878436147,0.0,0.0,0.0
1609056080903593000,575,1609056080903593000,8.82681655915,5.79611222873,4.11475064583,0.985140847045,-0.17000588998,0.0206733855319,0.0129661091706,0.0751705762115,0.872297084365,-0.0709070030745,0.0,0.0,0.0
1609056081003621000,576,1609056081003621000,8.83129711832,5.88552465607,4.10761163228,0.98692816864,-0.159014726867,0.0213891697032,0.0151528876121,0.03860621228,0.893208183227,-0.0715908124703,0.0,0.0,0.0
1609056081103626000,577,1609056081103626000,8.82936456975,5.96869681912,4.10068137465,0.98856238847,-0.148177731947,0.0228879195303,0.0162452145912,0.00388733952676,0.9211271912,-0.0674680635215,0.0,0.0,0.0
1609056081203701000,578,1609056081203701000,8.82893608637,6.06842660945,4.09136235225,0.990086399493,-0.137604287396,0.0233537038987,0.0157666148232,-0.0334778218147,0.948578425047,-0.0760423905721,0.0,0.0,0.0
1609056081303645000,579,1609056081303645000,8.82710844969,6.17139901716,4.08065565686,0.991437100348,-0.127221220542,0.0229071215895,0.0185067792578,-0.0656277414616,0.990701798348,-0.0977337944763,0.0,0.0,0.0
1609056081403733000,580,1609056081403733000,8.81994339139,6.27356958279,4.07107940498,0.992771878329,-0.117014097581,0.0212839799872,0.0160838665171,-0.0985924348757,1.02605101517,-0.0936919919802,0.0,0.0,0.0
1609056081503705000,581,1609056081503705000,8.80940905009,6.37663630925,4.0619330199,0.993876993276,-0.107485032814,0.0196554266777,0.0164059184383,-0.128567840024,1.04753917264,-0.0938241450371,0.0,0.0,0.0
1609056081603787000,582,1609056081603787000,8.79768170587,6.48881055163,4.05224770158,0.994876461243,-0.0981391675583,0.0192142962758,0.0148439035934,-0.153721251119,1.08209150086,-0.0702321586572,0.0,0.0,0.0
1609056081703828000,583,1609056081703828000,8.78036975001,6.59216739205,4.04446462978,0.99572358915,-0.0890253774651,0.0197715481825,0.0147682788134,-0.185435370968,1.09732025296,-0.0742328605546,0.0,0.0,0.0
1609056081803766000,584,1609056081803766000,8.76248290608,6.70992946324,4.03594490408,0.996509705779,-0.0798473675226,0.0194927610628,0.0145889154589,-0.214487046676,1.13090216892,-0.0652523232427,0.0,0.0,0.0
1609056081903874000,585,1609056081903874000,8.73903610904,6.81930788698,4.02859598328,0.997266954177,-0.0706560749764,0.0180467342542,0.0118598717639,-0.244542630356,1.15501270309,-0.0685999674989,0.0,0.0,0.0
1609056082003891000,586,1609056082003891000,8.71372565948,6.93485879605,4.0221769498,0.997935258868,-0.0616904276756,0.0172908673031,0.00453168285518,-0.271678307855,1.16710648631,-0.0610701641839,0.0,0.0,0.0
1609056082103961000,587,1609056082103961000,8.68702344929,7.06777149191,4.01508576311,0.998487481661,-0.0530545142355,0.0142929253544,-0.00191827265305,-0.295397097062,1.18211674623,-0.051751523925,0.0,0.0,0.0
1609056082203903000,588,1609056082203903000,8.65704337275,7.18026353049,4.01065058483,0.998927081169,-0.0444093123971,0.0121815498255,-0.00491012450595,-0.314775075643,1.16037187501,-0.0455444194397,0.0,0.0,0.0
1609056082303991000,589,1609056082303991000,8.62511466981,7.28758384371,4.00554981611,0.999272508556,-0.035717910684,0.00948281262307,-0.00942129314896,-0.326184560561,1.13358442845,-0.0609853118394,0.0,0.0,0.0
1609056082403981000,590,1609056082403981000,8.59150443381,7.40478160353,3.99998364495,0.999531309215,-0.0274096808941,0.00751836737679,-0.0113730138196,-0.335543587472,1.11578605265,-0.0299441805752,0.0,0.0,0.0
1609056082504062000,591,1609056082504062000,8.55692813558,7.51596422666,3.99580075326,0.99968826523,-0.0190977893354,0.00692253076769,-0.0145163828478,-0.342190997067,1.0830692072,-0.0209603173347,0.0,0.0,0.0
1609056082604040000,592,1609056082604040000,8.5203455983,7.632725159,3.99103678581,0.999782257624,-0.0109605530227,0.00671881875556,-0.0164365778665,-0.348911778565,1.05730433073,-0.00679911400945,0.0,0.0,0.0
1609056082704048000,593,1609056082704048000,8.48394186693,7.73976444947,3.98490967862,0.999855997658,-0.00262467594908,0.00667435741022,-0.0153801162967,-0.358752300084,1.02861921801,-0.051033403019,0.0,0.0,0.0
1609056082804150000,594,1609056082804150000,8.4472012907,7.84182593715,3.97687939948,0.999866155559,0.00568737596054,0.00747401903339,-0.013396408576,-0.362983446905,1.00102885737,-0.0516886239691,0.0,0.0,0.0
1609056082904164000,595,1609056082904164000,8.40992079101,7.93265725081,3.97061056486,0.999770455938,0.0145506381204,0.010790196101,-0.0114405433266,-0.374167792938,0.976191593609,-0.047306649921,0.0,0.0,0.0
1609056083004199000,596,1609056083004199000,8.37040231603,8.0279793639,3.96498785124,0.999566645121,0.0241868525936,0.0131450521591,-0.0104271629637,-0.395291697505,0.952376665026,-0.0497167322108,0.0,0.0,0.0
1609056083104221000,597,1609056083104221000,8.32972880519,8.12246285664,3.96039441027,0.999266673676,0.0338778493832,0.0124647678117,-0.012768545911,-0.415733825252,0.927596831862,-0.033337037612,0.0,0.0,0.0
1609056083204287000,598,1609056083204287000,8.28763916185,8.21536086161,3.95755888219,0.998917314812,0.0435225204768,0.0111461392291,-0.0120727776215,-0.43155123962,0.896099043544,-0.0302630844403,0.0,0.0,0.0
1609056083304281000,599,1609056083304281000,8.24719242021,8.29331873815,3.95612910706,0.998457173168,0.0527642127198,0.00965830416518,-0.014350204381,-0.440134911387,0.852662452219,-0.0111121131241,0.0,0.0,0.0
1609056083404320000,600,1609056083404320000,8.20274875748,8.38311017633,3.95529728693,0.997927803368,0.0619634161328,0.00858972501674,-0.0150615720019,-0.449191184869,0.83373182405,-0.010545538282,0.0,0.0,0.0
1609056083504370000,601,1609056083504370000,8.15797173132,8.47061353217,3.95403708086,0.997300108553,0.0710981854539,0.00914685162678,-0.0159335059208,-0.456231571522,0.804885671103,-0.02413894487,0.0,0.0,0.0
1609056083604382000,602,1609056083604382000,8.11295978257,8.55070027983,3.95187812915,0.996577560364,0.0804177663075,0.0108299466015,-0.0157753382945,-0.467590111327,0.775840203884,-0.038873358932,0.0,0.0,0.0
1609056083704409000,603,1609056083704409000,8.07089571414,8.61730834133,3.94706488628,0.995786767631,0.0896866343748,0.0105845342842,-0.015905617221,-0.474726566714,0.735455358069,-0.0641597894348,0.0,0.0,0.0
1609056083804449000,604,1609056083804449000,8.02161082106,8.69999319392,3.93975707377,0.994947710468,0.0989619152326,0.00955072644983,-0.0139418934097,-0.48702508528,0.719906175236,-0.0987919513273,0.0,0.0,0.0
1609056083904432000,605,1609056083904432000,7.97186783026,8.77809280757,3.93002129253,0.994001125877,0.108390098746,0.00836889815615,-0.0119712067968,-0.493956763241,0.71035309771,-0.128051587443,0.0,0.0,0.0
1609056084004476000,606,1609056084004476000,7.92669614369,8.83951517084,3.9166661176,0.992906975712,0.118215699868,0.0069180593936,-0.0106266806723,-0.497071653154,0.686779803303,-0.16684621757,0.0,0.0,0.0
1609056084104545000,607,1609056084104545000,7.8800198783,8.90276180153,3.89959700339,0.991664679926,0.128207288271,0.00579448816026,-0.0114226847817,-0.498607066862,0.669517364643,-0.185394648259,0.0,0.0,0.0
1609056084204578000,608,1609056084204578000,7.83435939287,8.96124943162,3.88039661805,0.990203647284,0.138835798101,0.00565840605539,-0.0137601058409,-0.49843532298,0.653487690837,-0.19430320769,0.0,0.0,0.0
1609056084304518000,609,1609056084304518000,7.78845727116,9.01778971843,3.86184427981,0.988285503867,0.151746379651,0.00707946025867,-0.0146519743,-0.502169405784,0.629984048139,-0.184239632059,0.0,0.0,0.0
1609056084404578000,610,1609056084404578000,7.73863978873,9.07883973836,3.8449421667,0.985953384487,0.166120011576,0.00833462197172,-0.0151855012599,-0.512612145636,0.610309217965,-0.170937874022,0.0,0.0,0.0
1609056084504568000,611,1609056084504568000,7.68894701975,9.13572957958,3.8283914951,0.983441128053,0.180450834486,0.0091871197759,-0.0140228676438,-0.517083593272,0.579887311645,-0.143866626878,0.0,0.0,0.0
1609056084604606000,612,1609056084604606000,7.63828748056,9.19083509004,3.81676672916,0.980883206289,0.19385916841,0.011394197312,-0.0125271988715,-0.530664129339,0.558578639864,-0.104860074588,0.0,0.0,0.0
1609056084704691000,613,1609056084704691000,7.58656568173,9.24375134276,3.80526287687,0.978298658308,0.206519474914,0.0109400397744,-0.0127183789391,-0.543941126983,0.537687917324,-0.116378078281,0.0,0.0,0.0
1609056084804689000,614,1609056084804689000,7.53232712559,9.29761710967,3.79437685073,0.975606987436,0.218822085423,0.0111802737195,-0.0135241442134,-0.555926790769,0.517037073891,-0.111481762822,0.0,0.0,0.0
1609056084904697000,615,1609056084904697000,7.47201280991,9.35636585596,3.78461181305,0.972814994819,0.230893391098,0.0105884530687,-0.0143914024498,-0.571717874431,0.497403067009,-0.0874655582123,0.0,0.0,0.0
1609056085004759000,616,1609056085004759000,7.41798931019,9.40313087738,3.77621911908,0.969958848287,0.242644605893,0.00924990087073,-0.0147603250459,-0.575643103581,0.470329608737,-0.0800723987961,0.0,0.0,0.0
1609056085104802000,617,1609056085104802000,7.35518041197,9.45748864216,3.76954994129,0.966930703106,0.254302022863,0.00817854079219,-0.0175672430502,-0.592808310548,0.45822658127,-0.0585757540779,0.0,0.0,0.0
1609056085204844000,618,1609056085204844000,7.29572593493,9.50238424836,3.76620117941,0.963841585386,0.265646732774,0.00762865386911,-0.0195707763751,-0.596485919866,0.421859138303,-0.0420186794519,0.0,0.0,0.0
1609056085304818000,619,1609056085304818000,7.23889718658,9.53949873804,3.76373945794,0.960737160128,0.276694788158,0.00621921826768,-0.0196322357102,-0.597494097158,0.386894349364,-0.0248076448686,0.0,0.0,0.0
1609056085404845000,620,1609056085404845000,7.18280340674,9.57114724118,3.76142360104,0.957492124836,0.287791473578,0.0061156123802,-0.0186412954931,-0.5957774494,0.348321407087,-0.0279330057044,0.0,0.0,0.0
1609056085504875000,621,1609056085504875000,7.12220817281,9.6045719976,3.75859216745,0.954125464126,0.298780089619,0.00583748249078,-0.018465658714,-0.602302536896,0.319494453384,-0.0132794692447,0.0,0.0,0.0
1609056085605228000,622,1609056085605228000,7.06388388521,9.63067825779,3.75735224336,0.950623274642,0.309726992231,0.00494643424375,-0.0189766377506,-0.601326851334,0.287213329769,0.00571417006218,0.0,0.0,0.0
1609056085705026000,623,1609056085705026000,7.00455507059,9.65596623666,3.75798897759,0.947048544496,0.32047270883,0.00629776287958,-0.0188847940125,-0.605166514744,0.258078062997,0.025537878896,0.0,0.0,0.0
1609056085805010000,624,1609056085805010000,6.94081295868,9.6830531334,3.75951356363,0.943437341771,0.330959906556,0.00586735975843,-0.0188969969429,-0.610547528763,0.230445870812,0.042576349689,0.0,0.0,0.0
1609056085905028000,625,1609056085905028000,6.87781084196,9.70538230101,3.76390022198,0.939789428512,0.341172933111,0.00547751107926,-0.0191535020598,-0.616812366236,0.205978341182,0.0671938147442,0.0,0.0,0.0
1609056086005053000,626,1609056086005053000,6.81811832684,9.72071558823,3.77003801649,0.936007791969,0.351294138091,0.00330040666356,-0.0217013647253,-0.616428290236,0.173876776059,0.0565508650655,0.0,0.0,0.0
1609056086105352000,627,1609056086105352000,6.75909925595,9.73172150914,3.77503651017,0.932204284925,0.361234003014,-0.00257807195095,-0.0223275564834,-0.604000495503,0.13655797998,0.0366741778267,0.0,0.0,0.0
1609056086205091000,628,1609056086205091000,6.70098785242,9.74209585382,3.78097013887,0.928592272036,0.370414305166,-0.00675330861884,-0.0215413013901,-0.577891700575,0.110768841217,0.0593149415616,0.0,0.0,0.0
1609056086305590000,629,1609056086305590000,6.6442353196,9.75182634925,3.78638977633,0.925513529254,0.377997564423,-0.0116013300693,-0.0201979602785,-0.546228285991,0.0835804477554,0.0503149852466,0.0,0.0,0.0
1609056086405546000,630,1609056086405546000,6.58736417991,9.76293137667,3.79197063606,0.9229936453,0.384066061694,-0.016274591567,-0.0176388395556,-0.512900209027,0.0739705693628,0.0505239550357,0.0,0.0,0.0
1609056086505239000,631,1609056086505239000,6.53219709333,9.77577223775,3.79792776446,0.921010859133,0.388665147273,-0.0197789555925,-0.0169467864048,-0.475753198924,0.0831230107779,0.0883275002004,0.0,0.0,0.0
1609056086605210000,632,1609056086605210000,6.48201062791,9.78728459251,3.80478833917,0.918811443021,0.393746800211,-0.0218622218737,-0.0164630723822,-0.459166132945,0.105769443347,0.0992148104842,0.0,0.0,0.0
1609056086705239000,633,1609056086705239000,6.44672841428,9.78637830081,3.81632763736,0.914140427948,0.404353434291,-0.0236382744029,-0.0169354702248,-0.42595039993,0.121162847711,0.125097240886,0.0,0.0,0.0
1609056086805306000,634,1609056086805306000,6.4027538868,9.79718396124,3.82648965043,0.909498503828,0.414715432332,-0.022462345482,-0.0178612641232,-0.371059635174,0.114863033405,0.145304650626,0.0,0.0,0.0
1609056086905302000,635,1609056086905302000,6.35839491277,9.81196452381,3.83768022622,0.905991878352,0.42238500244,-0.0212289972191,-0.017859332313,-0.326941494721,0.106728326958,0.155745916286,0.0,0.0,0.0
1609056087005912000,636,1609056087005912000,6.31788886351,9.83022413314,3.85132295066,0.903881966827,0.426951598951,-0.0204856449015,-0.0170311641072,-0.293280814244,0.115659979373,0.17044078943,0.0,0.0,0.0
1609056087105499000,637,1609056087105499000,6.28032364732,9.85070360511,3.86650553725,0.902163940607,0.430507148719,-0.0202202809425,-0.0188403664717,-0.266567688748,0.132384783277,0.199966026325,0.0,0.0,0.0
1609056087205463000,638,1609056087205463000,6.24975632303,9.86471339656,3.88594763792,0.899905810571,0.435276140417,-0.0168575196646,-0.0204948216542,-0.242822345731,0.139319348473,0.223485340214,0.0,0.0,0.0
1609056087305990000,639,1609056087305990000,6.22227270357,9.88662735336,3.90521739327,0.897293133076,0.440614820853,-0.0141959379925,-0.0228492521497,-0.223834411476,0.144854533995,0.218100111878,0.0,0.0,0.0
1609056087405452000,640,1609056087405452000,6.20707490434,9.89821470776,3.92855134778,0.894579255783,0.446268866784,-0.0105250125626,-0.0214773781476,-0.201380251191,0.138790521061,0.221833304581,0.0,0.0,0.0
1609056087505483000,641,1609056087505483000,6.19758482026,9.91314482471,3.94982702694,0.891674676406,0.45209867593,-0.00918227395276,-0.020946229319,-0.181607648388,0.136322902588,0.230010411705,0.0,0.0,0.0
1609056087605525000,642,1609056087605525000,6.1906112588,9.91966815043,3.97451988913,0.888759237321,0.457848116188,-0.00703605406611,-0.0207993875322,-0.161797753991,0.122531247537,0.231525513752,0.0,0.0,0.0
1609056087705810000,643,1609056087705810000,6.18790050072,9.92796434768,3.99735527968,0.885921039677,0.463340952036,-0.00743616307344,-0.020094205714,-0.139506396755,0.112595046171,0.220948274277,0.0,0.0,0.0
1609056087806122000,644,1609056087806122000,6.18168152295,9.93433723468,4.01813243531,0.882490653897,0.469800945186,-0.0110438328947,-0.0193739887749,-0.127809738912,0.113850984369,0.213943170219,0.0,0.0,0.0
1609056087905593000,645,1609056087905593000,6.16999128113,9.94800861694,4.03955674046,0.879712303924,0.475004072483,-0.0130970000157,-0.0174889119362,-0.10059913034,0.11377389546,0.226927276717,0.0,0.0,0.0
1609056088005654000,646,1609056088005654000,6.1526762354,9.96769941664,4.06310513394,0.877848399054,0.478438503122,-0.0135535185765,-0.017178158898,-0.0742631418418,0.122134923931,0.249432521594,0.0,0.0,0.0
1609056088106125000,647,1609056088106125000,6.14569540755,9.98355049822,4.0873242206,0.877149960552,0.479733552652,-0.0121529595582,-0.0177755657173,-0.0534391030474,0.125196247863,0.228255584014,0.0,0.0,0.0
1609056088205738000,648,1609056088205738000,6.13842959983,9.99846561647,4.10964988472,0.877140857431,0.479669202195,-0.0116556114785,-0.0201375125465,-0.0413677946558,0.127347146359,0.21712685621,0.0,0.0,0.0
1609056088306121000,649,1609056088306121000,6.1319581364,10.0135299839,4.13119868168,0.877347791762,0.47923710401,-0.0102592785622,-0.0220770839097,-0.0255592313365,0.123707818353,0.216223133813,0.0,0.0,0.0
1609056088405902000,650,1609056088405902000,6.12585832483,10.0264699559,4.15227713101,0.877550413139,0.478729442172,-0.00763371963347,-0.0257899189997,-0.0102695150749,0.119348559304,0.235512411536,0.0,0.0,0.0
1609056088506174000,651,1609056088506174000,6.12051032818,10.0383284466,4.1683792747,0.877608334005,0.478392196673,-0.00497238524836,-0.0303280997059,-0.00667637564893,0.0962896177366,0.176855448491,0.0,0.0,0.0
1609056088605785000,652,1609056088605785000,6.12469371298,10.0458035625,4.18416600155,0.877746687427,0.478002842142,-0.00374884765131,-0.0325573610161,0.0194497828158,0.0694786935336,0.195843976422,0.0,0.0,0.0
1609056088705818000,653,1609056088705818000,6.13048386263,10.0526501295,4.20570571235,0.878074502114,0.477179571044,0.00472218453419,-0.035532051573,0.0236719514506,0.0207882260924,0.0874191293586,0.0,0.0,0.0
1609056088806138000,654,1609056088806138000,6.14109027111,10.0506988141,4.21170631368,0.878346967232,0.476952968326,-0.00239380729623,-0.0318863739893,0.0347055632272,-0.0126468101988,0.0802792205851,0.0,0.0,0.0
1609056088905901000,655,1609056088905901000,6.14847263438,10.0476617778,4.21973309501,0.8784286739,0.476810499313,-0.00809107616491,-0.0308114767786,0.0510190444822,-0.0317403459726,0.0761159810536,0.0,0.0,0.0
1609056089006116000,656,1609056089006116000,6.15770645303,10.0409062105,4.22464815643,0.878389970486,0.476768858486,-0.0113285120564,-0.0315306223083,0.0851133658698,-0.0549320274702,0.0790282499108,0.0,0.0,0.0
1609056089106406000,657,1609056089106406000,6.17315752869,10.0299541288,4.23025719405,0.878261868178,0.476987972751,-0.0113149573329,-0.0317889366935,0.118555052087,-0.0790949179494,0.0745322847317,0.0,0.0,0.0
1609056089206057000,658,1609056089206057000,6.18619735495,10.020751276,4.23557024524,0.878073810281,0.477405781721,-0.00932370822509,-0.0313555695622,0.15418860216,-0.102634822597,0.0863905907174,0.0,0.0,0.0
1609056089306043000,659,1609056089306043000,6.20320332871,10.007808241,4.24194678171,0.877943241041,0.477611907621,-0.00759419636207,-0.0323242848568,0.183326514815,-0.129792667211,0.0935038881556,0.0,0.0,0.0
1609056089406043000,660,1609056089406043000,6.22221903502,9.99259775566,4.25125591444,0.877917595146,0.477743932496,-0.00613724159986,-0.0313650340542,0.205792331438,-0.161280270038,0.0878110641821,0.0,0.0,0.0
1609056089506044000,661,1609056089506044000,6.24301471533,9.97494981446,4.26049773764,0.877918785047,0.477950177693,-0.00569070150428,-0.0281042776313,0.229397876249,-0.188446822523,0.107032826067,0.0,0.0,0.0
1609056089606117000,662,1609056089606117000,6.26724653854,9.95462059234,4.27228442108,0.877761657342,0.47833269034,-0.00584392938576,-0.0264226936884,0.24545416079,-0.210456251202,0.116789367736,0.0,0.0,0.0
1609056089706101000,663,1609056089706101000,6.29294135843,9.93378651964,4.28545366227,0.877605888731,0.478794661094,-0.00608305863577,-0.0229471778032,0.263456644856,-0.228152530408,0.112556462493,0.0,0.0,0.0
1609056089806332000,664,1609056089806332000,6.31828083186,9.91305574222,4.29784993734,0.877586221171,0.479026376128,-0.00658237316322,-0.0182435673309,0.282992957058,-0.235419534346,0.0989098486796,0.0,0.0,0.0
1609056089906547000,665,1609056089906547000,6.34548027871,9.88982793163,4.30884436187,0.877629977782,0.479060749137,-0.0086611995592,-0.0138348963275,0.29496058442,-0.234031175805,0.084188917117,0.0,0.0,0.0
1609056090006271000,666,1609056090006271000,6.37541764391,9.86370796845,4.312920459,0.877633130929,0.479118933455,-0.00939786924,-0.0108081059889,0.304436441652,-0.218983220633,0.0818882513869,0.0,0.0,0.0
1609056090106283000,667,1609056090106283000,6.40510339704,9.8346337297,4.30777657447,0.877561359376,0.479295756392,-0.00917392121445,-0.00880213628696,0.317362267028,-0.21033014051,0.0698527604284,0.0,0.0,0.0
1609056090206846000,668,1609056090206846000,6.43633637764,9.81635894044,4.3134929828,0.877625019484,0.479226017123,-0.00821069833516,-0.00702382520126,0.317987143428,-0.179220139951,0.0869629026363,0.0,0.0,0.0
1609056090306627000,669,1609056090306627000,6.46821855491,9.79854972816,4.31465370937,0.877645806654,0.478822518134,-0.0104236490544,-0.0189256897125,0.33599010833,-0.169956503927,0.082603651408,0.0,0.0,0.0
1609056090406382000,670,1609056090406382000,6.50187860832,9.77920213611,4.31754658464,0.87765455808,0.478587709235,-0.00971058568037,-0.0241243813923,0.365369427467,-0.181598524642,0.0685053124921,0.0,0.0,0.0
1609056090506853000,671,1609056090506853000,6.53741599947,9.75741405028,4.32723591624,0.877656321361,0.478605482219,-0.00778234906563,-0.0244051020954,0.398764192024,-0.202487383167,0.0574977858157,0.0,0.0,0.0
1609056090606782000,672,1609056090606782000,6.57656528853,9.73385422109,4.33333172035,0.877695874464,0.478725266711,-0.0049953184751,-0.0211451591155,0.421882856955,-0.215405924514,0.0634091284512,0.0,0.0,0.0
1609056090706445000,673,1609056090706445000,6.61797550566,9.71010384225,4.33773811794,0.877695488928,0.478801661888,-0.00342011507914,-0.019695179637,0.435620821787,-0.226551883901,0.0689161070322,0.0,0.0,0.0
1609056090806472000,674,1609056090806472000,6.66039467413,9.66919039988,4.33184615464,0.87756039239,0.479133119875,-0.00139135473217,-0.0178122227394,0.44679444408,-0.248174313941,0.0640093176382,0.0,0.0,0.0
1609056090906655000,675,1609056090906655000,6.70398313031,9.64206659145,4.34175644769,0.877610878039,0.479129115962,-2.09144147478e-05,-0.0153113209156,0.448225411987,-0.254495342025,0.0774415233535,0.0,0.0,0.0
1609056091006705000,676,1609056091006705000,6.74746380617,9.61566045953,4.34972341228,0.87761298759,0.47916442683,0.00192543028423,-0.013899237104,0.445854367507,-0.260706471855,0.0938555040306,0.0,0.0,0.0
1609056091106581000,677,1609056091106581000,6.7903440581,9.58934399582,4.35691958588,0.877613267265,0.479199986492,0.00319342142229,-0.0123340231552,0.435969081333,-0.262145435485,0.104287529164,0.0,0.0,0.0
1609056091206662000,678,1609056091206662000,6.83275166764,9.56210436534,4.3657640302,0.877625002394,0.479191116021,0.00359597771727,-0.0117174418835,0.432334592845,-0.267399296009,0.10999136577,0.0,0.0,0.0
1609056091306659000,679,1609056091306659000,6.88599524256,9.5246524386,4.37074017973,0.877553313916,0.479339929692,0.00633164574802,-0.00966039854347,0.432092679443,-0.278001536384,0.113041447321,0.0,0.0,0.0
1609056091406648000,680,1609056091406648000,6.92845621914,9.49886733868,4.38027980876,0.87751165689,0.479400743162,0.00832321851394,-0.00888501614173,0.412491756863,-0.273763231798,0.114910289949,0.0,0.0,0.0
1609056091507064000,681,1609056091507064000,6.96792284254,9.47273635344,4.389095568,0.877495683366,0.479386593267,0.0105735578928,-0.00883287855162,0.394012869074,-0.274909388487,0.119974182379,0.0,0.0,0.0
1609056091606714000,682,1609056091606714000,7.00818707915,9.44597251077,4.3998065147,0.877473258681,0.479294555244,0.0144873479364,-0.0103694918821,0.378081174166,-0.27844470265,0.125507227578,0.0,0.0,0.0
1609056091706860000,683,1609056091706860000,7.04488010646,9.4186860042,4.41237888574,0.877394111501,0.479209419316,0.0205894301101,-0.010676184211,0.345418949315,-0.290588417227,0.116123600885,0.0,0.0,0.0
1609056091806746000,684,1609056091806746000,7.07671991858,9.39099243697,4.41997670268,0.877275181586,0.479202205272,0.0257162196049,-0.00960095226151,0.304121423862,-0.304452002332,0.104760076576,0.0,0.0,0.0
1609056091906756000,685,1609056091906756000,7.10483696601,9.35906177149,4.43302331636,0.877195176755,0.47910773543,0.0308120412212,-0.00591758770783,0.251495358945,-0.326630107174,0.0984836427396,0.0,0.0,0.0
1609056092006812000,686,1609056092006812000,7.12700358337,9.32328471472,4.44539079907,0.877135712522,0.479115545615,0.032762630797,-0.00280103396413,0.183535443553,-0.343368945316,0.0901957419814,0.0,0.0,0.0
1609056092106873000,687,1609056092106873000,7.14038263849,9.28787122823,4.45510336134,0.877111826143,0.479152936414,0.0329511771138,0.0012360793486,0.120161345704,-0.355313460741,0.0747771140459,0.0,0.0,0.0
1609056092206889000,688,1609056092206889000,7.14895531878,9.24969962042,4.46362768819,0.877230526757,0.47917252827,0.0292610451078,0.00202047419847,0.0441781106723,-0.357166257417,0.0481149313243,0.0,0.0,0.0
1609056092306898000,689,1609056092306898000,7.15123096275,9.21036475398,4.47225427556,0.877445327501,0.479193577702,0.0214698279862,0.0015029379275,-0.0108980738437,-0.360178665797,0.0228610213376,0.0,0.0,0.0
1609056092406949000,690,1609056092406949000,7.15096130484,9.17210061871,4.47731669126,0.87756033464,0.479286694007,0.0131082649731,0.00054534777302,-0.0491307319331,-0.348010110846,0.0371401792119,0.0,0.0,0.0
1609056092506969000,691,1609056092506969000,7.14694533076,9.1379979889,4.47784104554,0.877518133618,0.479472348666,0.00805924744868,0.0018001575971,-0.0628703339461,-0.336279644746,0.0426863341672,0.0,0.0,0.0
1609056092607003000,692,1609056092607003000,7.13696150798,9.08914631565,4.49274193384,0.877255052085,0.479937462776,0.00703546819682,0.00584017140126,-0.0897699796426,-0.324147942723,0.0560627447188,0.0,0.0,0.0
1609056092707056000,693,1609056092707056000,7.12998291819,9.05378212625,4.50127565964,0.877170587835,0.48013652859,0.00415616670215,0.00483735769515,-0.113358679178,-0.296292407849,0.0562244375088,0.0,0.0,0.0
1609056092807059000,694,1609056092807059000,7.11997636692,9.02263896907,4.50653160331,0.877098889516,0.480280374501,0.00273431821044,0.00456326443162,-0.132334834375,-0.268631144582,0.0565309660278,0.0,0.0,0.0
1609056092907062000,695,1609056092907062000,7.1278326058,8.98451757599,4.50400270689,0.876938438993,0.480594329751,0.000626409400814,0.00276984446927,-0.138293040749,-0.242032347728,0.0721036202879,0.0,0.0,0.0
1609056093007120000,696,1609056093007120000,7.11574076509,8.96425435559,4.50724743693,0.876895577168,0.480673659345,0.000314184880337,0.00262321225159,-0.141120887242,-0.214865407236,0.0838391538561,0.0,0.0,0.0
1609056093107115000,697,1609056093107115000,7.09983307586,8.94628051896,4.512599865,0.876829861929,0.480782674398,0.00135232634443,0.00394771338076,-0.148974440131,-0.185791959931,0.0912375432889,0.0,0.0,0.0
1609056093207188000,698,1609056093207188000,7.08436550877,8.92782802559,4.52012575786,0.876820272489,0.480789416892,0.00239411444979,0.00469196905682,-0.165666059412,-0.156222041711,0.0905657837817,0.0,0.0,0.0
1609056093307250000,699,1609056093307250000,7.0679023903,8.9117883212,4.52773861904,0.876919695174,0.480627129971,0.0022600686547,0.00207418428211,-0.175219381011,-0.127534211332,0.104682802749,0.0,0.0,0.0
1609056093407200000,700,1609056093407200000,7.04992631053,8.89803106812,4.53670112418,0.876989563373,0.4804959864,0.00344063272261,0.00103674237648,-0.186092514416,-0.104489322615,0.11155051733,0.0,0.0,0.0
1609056093507281000,701,1609056093507281000,7.03288230864,8.88520550369,4.54701268829,0.876957326432,0.48053480688,0.00557290228639,0.0010439124761,-0.199070256235,-0.0795742677009,0.121086556957,0.0,0.0,0.0
1609056093607272000,702,1609056093607272000,7.01444532317,8.87496255065,4.5576176797,0.876974417694,0.480466339603,0.00817934558227,-0.0010322425068,-0.216576572257,-0.0618304441498,0.122790749164,0.0,0.0,0.0
1609056093707306000,703,1609056093707306000,6.99418124282,8.86343766665,4.57125307517,0.87700331499,0.480366413002,0.010198393507,-0.00304754429953,-0.237354376374,-0.0501009028932,0.121212248855,0.0,0.0,0.0
1609056093807401000,704,1609056093807401000,6.97335829242,8.85300404065,4.5823461824,0.877088474406,0.480147002129,0.0109638279102,-0.00737962658938,-0.258114249546,-0.0419460122606,0.13013132923,0.0,0.0,0.0
1609056093907395000,705,1609056093907395000,6.94540120228,8.83566090272,4.59436077732,0.877123454605,0.480042662214,0.0105879808542,-0.0100688876395,-0.272330061188,-0.0511679160302,0.108780274876,0.0,0.0,0.0
1609056094007409000,706,1609056094007409000,6.91538224488,8.83049243851,4.60867982598,0.877235544817,0.479802709099,0.0116132636827,-0.0105967615939,-0.285742884728,-0.0574330961103,0.104758332388,0.0,0.0,0.0
1609056094107510000,707,1609056094107510000,6.88903009982,8.82029176047,4.6175834506,0.877261196281,0.479653008523,0.0131373268537,-0.0131603783174,-0.304475207977,-0.0566303629992,0.0878721603518,0.0,0.0,0.0
1609056094207501000,708,1609056094207501000,6.85904181821,8.81073288559,4.62662686399,0.877370337478,0.479353699474,0.0131871069736,-0.0163530401859,-0.319565693292,-0.0759168992606,0.0611937677009,0.0,0.0,0.0
1609056094307542000,709,1609056094307542000,6.82583655796,8.79952090754,4.63847861002,0.877510626186,0.479117213298,0.0108531353453,-0.0174357765639,-0.334546293919,-0.0932250927968,0.0461084119121,0.0,0.0,0.0
1609056094407640000,710,1609056094407640000,6.79400478355,8.77837644067,4.6493180096,0.877658602625,0.478859559295,0.00792765020702,-0.0186024749267,-0.338558536719,-0.109830476739,0.0498357593452,0.0,0.0,0.0
1609056094507614000,711,1609056094507614000,6.75827806659,8.77297783444,4.65181949728,0.87783014705,0.478607091318,0.00700480401157,-0.0173325644736,-0.339125512025,-0.122143754154,0.0523054358045,0.0,0.0,0.0
1609056094607627000,712,1609056094607627000,6.72585794321,8.7588478196,4.65608926691,0.8778561095,0.478553647514,0.00580914606823,-0.0179251579099,-0.335986565096,-0.130204267447,0.0655992875602,0.0,0.0,0.0
1609056094707813000,713,1609056094707813000,6.69418391311,8.74095836788,4.66160848899,0.877720554765,0.478625907804,0.00821722571129,-0.0213622406154,-0.335355980035,-0.14618294776,0.0721628663587,0.0,0.0,0.0
1609056094807677000,714,1609056094807677000,6.66028803641,8.72423143489,4.66689672622,0.877652774731,0.478672833143,0.0083039533918,-0.0229993516329,-0.332775341377,-0.173753306702,0.0666831812613,0.0,0.0,0.0
1609056094907676000,715,1609056094907676000,6.626256918,8.70598700399,4.67507191226,0.877606673344,0.47868851096,0.00896996178923,-0.0241531812058,-0.332999682142,-0.195880091095,0.0625271194522,0.0,0.0,0.0
1609056095007716000,716,1609056095007716000,6.59375498195,8.68250624349,4.68239094215,0.877549373481,0.478749119297,0.00886924989542,-0.0250542268306,-0.330094145816,-0.222261267612,0.0544793400883,0.0,0.0,0.0
1609056095107756000,717,1609056095107756000,6.56125332519,8.65736094825,4.6890720322,0.877517081063,0.4788009992,0.00869111316908,-0.025255497591,-0.32546776346,-0.251035435129,0.0368705162374,0.0,0.0,0.0
1609056095207774000,718,1609056095207774000,6.52879238655,8.63270449123,4.68831742194,0.877506217055,0.47882948382,0.00938987384775,-0.0248393784702,-0.322831018094,-0.273324625559,0.0403306513024,0.0,0.0,0.0
1609056095307782000,719,1609056095307782000,6.49589243412,8.60770071367,4.68401016959,0.877408109336,0.478802596468,0.0128190123234,-0.0271800700822,-0.323401768686,-0.296246877835,0.0352294377952,0.0,0.0,0.0
1609056095407822000,720,1609056095407822000,6.46163278185,8.57387301868,4.69150620247,0.877411861335,0.478747298971,0.0133733516137,-0.0277597331335,-0.329899827829,-0.335703349846,-0.0169102701809,0.0,0.0,0.0
1609056095507889000,721,1609056095507889000,6.42724794206,8.53632152446,4.70167292235,0.877534629748,0.478661698138,0.0110768801309,-0.0263297370777,-0.329632747351,-0.368902015161,-0.0165808997087,0.0,0.0,0.0
1609056095607899000,722,1609056095607899000,6.39250733146,8.49144948973,4.70244174096,0.877593226352,0.478690416628,0.00737783638684,-0.0251233281947,-0.330562602663,-0.398526216076,-0.0429353504107,0.0,0.0,0.0
1609056095707911000,723,1609056095707911000,6.36243681766,8.4499128278,4.69902339597,0.877659468804,0.478712967773,0.00408621915858,-0.0230446114699,-0.315938803151,-0.41573685498,-0.0292846921351,0.0,0.0,0.0
1609056095807944000,724,1609056095807944000,6.332518371,8.40856099985,4.69117843616,0.877675349513,0.478680081717,0.003392931056,-0.0232346345546,-0.296792352221,-0.427412327132,-0.0299693169896,0.0,0.0,0.0
1609056095908021000,725,1609056095908021000,6.29816171929,8.35784009337,4.6848251092,0.877710810725,0.478596364744,0.00322044235628,-0.0236406671124,-0.281562354613,-0.44326959922,-0.0391847883161,0.0,0.0,0.0
1609056096008002000,726,1609056096008002000,6.2699363365,8.31413717921,4.67946451639,0.877747264516,0.47851070058,0.00604325389049,-0.0234675978474,-0.26476963953,-0.459635357373,-0.0423318521689,0.0,0.0,0.0
1609056096108064000,727,1609056096108064000,6.24441509791,8.2687862267,4.67175655655,0.877795233896,0.478389526031,0.00840415292841,-0.0234170652812,-0.257913277446,-0.477994573542,-0.0492109943895,0.0,0.0,0.0
1609056096208082000,728,1609056096208082000,6.21892873693,8.21966364358,4.66535673317,0.87783865249,0.478296543753,0.0114154651799,-0.0223920428439,-0.252067143868,-0.49936730978,-0.0474975016214,0.0,0.0,0.0
1609056096308131000,729,1609056096308131000,6.19288963901,8.16656647772,4.66170038782,0.877917308923,0.478135203503,0.0131326010234,-0.0218050603079,-0.256179402218,-0.524378155816,-0.0627737726955,0.0,0.0,0.0
1609056096408148000,730,1609056096408148000,6.16741167914,8.11286012598,4.65741188147,0.877931781339,0.478091637784,0.0160475514239,-0.020165547092,-0.262211840855,-0.54341186188,-0.060228530918,0.0,0.0,0.0
1609056096508185000,731,1609056096508185000,6.13927703302,8.05597476624,4.65267250341,0.877927467075,0.478084758319,0.0174661945482,-0.0193198981865,-0.280996410814,-0.564634845347,-0.0619267881192,0.0,0.0,0.0
1609056096608213000,732,1609056096608213000,6.10518033821,7.99331443617,4.6447768574,0.877871681634,0.478122921263,0.0182010588339,-0.0202114869514,-0.297832990612,-0.590054510605,-0.0627763315503,0.0,0.0,0.0
1609056096708251000,733,1609056096708251000,6.07347982999,7.93155678793,4.64209395685,0.878010318235,0.478036768505,0.0151372520169,-0.0186973963863,-0.313712206967,-0.610851067689,-0.0834192500258,0.0,0.0,0.0
1609056096808268000,734,1609056096808268000,6.03900004828,7.86451786981,4.64174904954,0.878162381361,0.477980440308,0.00878577201522,-0.0169806023661,-0.317807333603,-0.628699301214,-0.0893900860994,0.0,0.0,0.0
1609056096908280000,735,1609056096908280000,6.00680971765,7.79892368729,4.63925393256,0.878287942693,0.477946228528,-0.000844955475188,-0.0133033231181,-0.316957495219,-0.633443654359,-0.11700742517,0.0,0.0,0.0
1609056097008312000,736,1609056097008312000,5.97636476208,7.73478590692,4.63437617569,0.878336593708,0.477836668525,-0.0112666525061,-0.0083671325811,-0.294053184537,-0.613989408188,-0.0791495457506,0.0,0.0,0.0
1609056097108772000,737,1609056097108772000,5.9463704653,7.66345271017,4.62537084705,0.878216486751,0.477888588245,-0.0179383941743,-0.00604265157385,-0.269358861967,-0.583563946778,-0.0370243564642,0.0,0.0,0.0
1609056097208330000,738,1609056097208330000,5.93045581667,7.60825707653,4.61263081403,0.878160758115,0.477869359876,-0.0213937172179,-0.00410690416969,-0.230261289706,-0.536594517763,-0.0203974122216,0.0,0.0,0.0
1609056097308368000,739,1609056097308368000,5.91171855057,7.56014634816,4.61011638296,0.878186825239,0.477728017493,-0.0232543102408,-0.00480399139396,-0.180384903672,-0.48808771543,0.0100825911879,0.0,0.0,0.0
1609056097408406000,740,1609056097408406000,5.89399749191,7.50788444124,4.60178364772,0.878143094803,0.477879053852,-0.0212782598637,-0.00659928754818,-0.138960904449,-0.449120019439,0.0260972129005,0.0,0.0,0.0
1609056097508411000,741,1609056097508411000,5.88091913276,7.46541147934,4.60550310727,0.8781606085,0.477979103104,-0.0176543714376,-0.00763189643572,-0.0972802848503,-0.40810413354,0.0684932858584,0.0,0.0,0.0
1609056097608491000,742,1609056097608491000,5.8724889979,7.42594431978,4.61109722742,0.878215195264,0.478035698265,-0.00894605927564,-0.0118283563715,-0.0686088747532,-0.384579333835,0.0719539752879,0.0,0.0,0.0
1609056097708558000,743,1609056097708558000,5.86511073495,7.38617273973,4.61656012665,0.878295814038,0.477888698644,-0.00408579020815,-0.014218335723,-0.0464031164126,-0.378006816275,0.0836634620174,0.0,0.0,0.0
1609056097808539000,744,1609056097808539000,5.85762926791,7.34002281596,4.61183353764,0.878263672245,0.477950071067,-0.000874569657283,-0.0146930837404,-0.0337060190826,-0.379621472823,0.0879106516326,0.0,0.0,0.0
1609056097908569000,745,1609056097908569000,5.85316695376,7.30151627026,4.62671477928,0.878226774433,0.477977761012,0.00160138342471,-0.0158879897297,-0.0285166414391,-0.379333681732,0.0901858250859,0.0,0.0,0.0
1609056098008622000,746,1609056098008622000,5.85601431742,7.25856877894,4.62976966563,0.878276687265,0.477911085603,0.00271659603953,-0.0149557671384,-0.0183738186882,-0.38017177769,0.0990471421042,0.0,0.0,0.0
1609056098108656000,747,1609056098108656000,5.85444077851,7.22224209643,4.63967394048,0.878389701077,0.477665034107,0.00506531100753,-0.0155560553465,-0.0175012624045,-0.383231234047,0.106270896532,0.0,0.0,0.0
1609056098208684000,748,1609056098208684000,5.85400193142,7.18466455831,4.65280563978,0.878423854518,0.477628975419,0.00459891371737,-0.0148641732773,-0.0175001333887,-0.386386917429,0.114166281151,0.0,0.0,0.0
1609056098308672000,749,1609056098308672000,5.85305118599,7.14705581564,4.66748272761,0.878481287662,0.477496267546,0.00438073069197,-0.0157718390355,-0.0102260112126,-0.394986257386,0.109887134399,0.0,0.0,0.0
1609056098408733000,750,1609056098408733000,5.85334227248,7.10833151005,4.68013939307,0.878503621861,0.477503200242,0.00273772878238,-0.0146487192746,-0.00922497503267,-0.395870662433,0.108442570122,0.0,0.0,0.0
1609056098508663000,751,1609056098508663000,5.85586894946,7.06966077688,4.69347678434,0.878527930019,0.477476988438,0.00202182297523,-0.0141532300628,-0.00147065465111,-0.399568421017,0.106167790802,0.0,0.0,0.0
1609056098608741000,752,1609056098608741000,5.85704093525,7.03063088806,4.70609824948,0.878617237987,0.477370563813,-0.000198129299085,-0.0122087944564,0.00420084931727,-0.397179581127,0.115369476032,0.0,0.0,0.0
1609056098708756000,753,1609056098708756000,5.85767191994,6.99138450673,4.71749073624,0.878613972215,0.47738822343,-0.00153543132274,-0.011645359989,0.0134297734345,-0.391762032549,0.124291340157,0.0,0.0,0.0
1609056098808896000,754,1609056098808896000,5.85538509251,6.94883820811,4.72348336274,0.878723641237,0.477202627529,0.000101541035761,-0.0110636477228,0.0298203812974,-0.386492705633,0.122554620211,0.0,0.0,0.0
1609056098908910000,755,1609056098908910000,5.85488589256,6.90641564624,4.73235444269,0.87881198248,0.477054316626,0.00313185550409,-0.00994333539877,0.0308941313502,-0.382764998704,0.112030243804,0.0,0.0,0.0
1609056099008897000,756,1609056099008897000,5.85796661637,6.86895911044,4.74757840056,0.878785151765,0.477105725838,0.00700142904925,-0.00760022368514,0.0234838330942,-0.381885386232,0.0941392219847,0.0,0.0,0.0
1609056099108892000,757,1609056099108892000,5.86313064469,6.8241047863,4.75752770478,0.878716784484,0.477236729456,0.00906787849075,-0.00443737585534,0.0158336494412,-0.382196517371,0.0711018577034,0.0,0.0,0.0
1609056099208975000,758,1609056099208975000,5.86380283005,6.79024355431,4.76457133052,0.878705424347,0.477272589129,0.00896804404906,-0.00268832216067,-0.00213896495151,-0.370294395485,0.060742423112,0.0,0.0,0.0
1609056099308968000,759,1609056099308968000,5.86253394061,6.75527674463,4.77304504329,0.87878706073,0.477134834329,0.00869579133118,0.000187019827988,-0.0229663216192,-0.362804512309,0.0193501037602,0.0,0.0,0.0
1609056099409043000,760,1609056099409043000,5.85878141129,6.71881589849,4.77669438701,0.878844251646,0.477053676209,0.00675842472896,0.00262584450569,-0.0394366900033,-0.346153027719,0.00367674158206,0.0,0.0,0.0
1609056099509031000,761,1609056099509031000,5.85271310466,6.68158245359,4.77082147483,0.878834667541,0.477026156598,0.00825553290699,0.00524587708575,-0.0494091457559,-0.32222137482,-0.00278560752918,0.0,0.0,0.0
1609056099609103000,762,1609056099609103000,5.84488875336,6.64729379453,4.76586617182,0.878730107147,0.477052602563,0.0123752157087,0.010053219209,-0.0770609562777,-0.296646111305,-0.0184465679978,0.0,0.0,0.0
1609056099709082000,763,1609056099709082000,5.83622771463,6.60876000827,4.77349202955,0.878565362264,0.477152488928,0.0160991084774,0.0137559167959,-0.114295014084,-0.270746126249,-0.0343206074675,0.0,0.0,0.0
1609056099809199000,764,1609056099809199000,5.82570751673,6.58529825088,4.77059518821,0.878423802681,0.477243586017,0.0178893682028,0.0170338778755,-0.165778973509,-0.233232727401,-0.0297820666189,0.0,0.0,0.0
1609056099909202000,765,1609056099909202000,5.80997992465,6.56292532437,4.7646146082,0.878376431416,0.477364580094,0.019419584332,0.0141697617652,-0.212608691663,-0.200417058637,-0.0203745528737,0.0,0.0,0.0
1609056100009254000,766,1609056100009254000,5.78793928778,6.54314186727,4.76200357348,0.878395685503,0.477420698214,0.0203958170752,0.00863175836376,-0.262876029053,-0.177769023716,-0.0289761438146,0.0,0.0,0.0
1609056100109176000,767,1609056100109176000,5.76124295042,6.51042905816,4.76635957917,0.878304581167,0.477623253326,0.0211078392051,0.00339848612282,-0.308676316285,-0.172556130848,-0.0358860094249,0.0,0.0,0.0
1609056100209273000,768,1609056100209273000,5.73081455356,6.49134663507,4.76138966013,0.878327975345,0.477575711884,0.0208763552114,-0.00505815564856,-0.340634254822,-0.173469220504,-0.0341683978969,0.0,0.0,0.0
1609056100309240000,769,1609056100309240000,5.69673588555,6.4741968922,4.7534345722,0.878153608568,0.477555663432,0.0242902845756,-0.0140289043726,-0.363053070283,-0.192462126681,-0.0159749446277,0.0,0.0,0.0
1609056100409332000,770,1609056100409332000,5.66094622983,6.44523803631,4.75398273273,0.877974989334,0.477423834198,0.0281776658642,-0.0207947058393,-0.385307427933,-0.230476742954,-0.0316948959997,0.0,0.0,0.0
1609056100509323000,771,1609056100509323000,5.62051120108,6.42428114473,4.75253976881,0.87782863128,0.477274505262,0.0310064906826,-0.0257786397757,-0.409963659021,-0.280917336185,-0.0461779076475,0.0,0.0,0.0
1609056100609378000,772,1609056100609378000,5.57835834847,6.38759316521,4.75521385324,0.877849666119,0.477289090152,0.0299995483656,-0.0259829793212,-0.438837922415,-0.342125269398,-0.0874585454185,0.0,0.0,0.0
1609056100709352000,773,1609056100709352000,5.5301578516,6.34612783982,4.75180013966,0.878093862483,0.477279208205,0.0250801008232,-0.0229502642058,-0.462657545579,-0.39496293095,-0.0826823829645,0.0,0.0,0.0
1609056100809440000,774,1609056100809440000,5.48286784896,6.30159864206,4.74474791497,0.878297231446,0.477237314752,0.0212266014293,-0.0196964472635,-0.482106609357,-0.430180703469,-0.057019767847,0.0,0.0,0.0
1609056100909443000,775,1609056100909443000,5.43566954142,6.25947330955,4.73702825734,0.878418672378,0.477142767037,0.0190162413356,-0.0188095307919,-0.492215617475,-0.454980309639,0.00332995112812,0.0,0.0,0.0
1609056101009641000,776,1609056101009641000,5.3878963295,6.21712887489,4.73301592643,0.878409990181,0.476908067771,0.0225726487377,-0.0210964351093,-0.509553464969,-0.481959391222,0.0102144390099,0.0,0.0,0.0
1609056101109568000,777,1609056101109568000,5.33889411808,6.16947546674,4.74049261642,0.878216487289,0.476991152622,0.0254984428386,-0.0237712260302,-0.525965416675,-0.520715477348,0.0304061331469,0.0,0.0,0.0
1609056101209529000,778,1609056101209529000,5.28418903283,6.11428954078,4.74335939926,0.878112726852,0.476924696684,0.0279754379886,-0.0260431853635,-0.547679657816,-0.568999285155,0.0153178716295,0.0,0.0,0.0
1609056101309550000,779,1609056101309550000,5.22739444658,6.05376991386,4.74695677785,0.878066923648,0.476912182422,0.0288393170198,-0.0268615272759,-0.565189368133,-0.618586866699,0.0131986414365,0.0,0.0,0.0
1609056101409563000,780,1609056101409563000,5.16992473458,5.98852697945,4.75414078273,0.877980666996,0.476992507479,0.0296327906468,-0.027386016672,-0.588942053413,-0.67049765754,0.00618844857374,0.0,0.0,0.0
1609056101509587000,781,1609056101509587000,5.11027918479,5.92029283369,4.75471856361,0.878001429212,0.476876551841,0.0311931726266,-0.0270042697866,-0.61058349092,-0.718184436938,0.010655770121,0.0,0.0,0.0
1609056101609643000,782,1609056101609643000,5.04872674852,5.84697422252,4.75382931664,0.877992900723,0.476751689901,0.033478745805,-0.0267481968774,-0.632791229031,-0.769688059247,0.0142321442284,0.0,0.0,0.0
1609056101709636000,783,1609056101709636000,4.98273066627,5.76647401164,4.75661153285,0.877996829039,0.476739749195,0.0345437839434,-0.0254461534439,-0.66839331189,-0.818918524606,-0.0177203524339,0.0,0.0,0.0
1609056101809697000,784,1609056101809697000,4.912958845,5.67893428073,4.76151952984,0.878052651522,0.476869518719,0.0320920656108,-0.0242714358301,-0.700376832966,-0.868217566504,-0.0397538294867,0.0,0.0,0.0
1609056101909711000,785,1609056101909711000,4.84219069905,5.58802493651,4.76055897748,0.878197671813,0.477042025332,0.0276810116493,-0.0208210682368,-0.725725320917,-0.902828658058,-0.0173067794412,0.0,0.0,0.0
1609056102009727000,786,1609056102009727000,4.77032090676,5.4968467244,4.75475497235,0.878256510707,0.477061114757,0.0242261316173,-0.0221650340527,-0.741428362328,-0.930830327427,0.010332919158,0.0,0.0,0.0
1609056102109878000,787,1609056102109878000,4.69609653663,5.4018726801,4.7538734915,0.878293095154,0.477098595939,0.0207563620989,-0.0233953454881,-0.760819177368,-0.958842171101,0.0253832646935,0.0,0.0,0.0
1609056102209855000,788,1609056102209855000,4.62299824135,5.29199014132,4.75344773264,0.878374292569,0.477113677299,0.0177538127927,-0.0224931816313,-0.756099631861,-0.99767002367,0.0662525823488,0.0,0.0,0.0
1609056102309873000,789,1609056102309873000,4.54822147011,5.19319358786,4.75999436779,0.878529463775,0.476895682228,0.0181221552238,-0.0206900227493,-0.758591117075,-1.02640481202,0.0505723343856,0.0,0.0,0.0
1609056102409868000,790,1609056102409868000,4.46971361774,5.09019804881,4.76907878107,0.878839097299,0.47685821026,0.00854095027421,-0.0132340671733,-0.768323689744,-1.04612522374,-0.0204855111524,0.0,0.0,0.0
1609056102509869000,791,1609056102509869000,4.3895208362,4.98930022403,4.77800265813,0.878928021376,0.476892068997,-0.00745715038426,-0.00196943555277,-0.768693664971,-1.03506570752,-0.0452626790977,0.0,0.0,0.0
1609056102609922000,792,1609056102609922000,4.31227237415,4.87879041284,4.78417646183,0.878662687215,0.47686831559,-0.022119040629,0.00769673466594,-0.740050245224,-0.984305666654,0.0241299810589,0.0,0.0,0.0
1609056102709964000,793,1609056102709964000,4.2448888359,4.77973843326,4.78510769986,0.878329399864,0.476616731736,-0.0344929323668,0.0135718082986,-0.69562609418,-0.904551565398,0.0499314762145,0.0,0.0,0.0
1609056102809989000,794,1609056102809989000,4.1774532131,4.68846869876,4.7861156332,0.878077705246,0.476574228205,-0.0394934132534,0.0172284320245,-0.62899751373,-0.801149386518,0.115050518484,0.0,0.0,0.0
1609056102910008000,795,1609056102910008000,4.11836531043,4.61051286691,4.79296513408,0.878396475651,0.476620455234,-0.032997015684,0.0127972720514,-0.55944583528,-0.697380701833,0.167589944364,0.0,0.0,0.0
1609056103010083000,796,1609056103010083000,4.06283411444,4.54322027366,4.8076547172,0.878633674298,0.476808057967,-0.0245164369212,0.00747573191206,-0.523760819214,-0.631765053524,0.128087876736,0.0,0.0,0.0
1609056103110089000,797,1609056103110089000,4.01149452513,4.48177790902,4.81721840919,0.878753632024,0.47687505159,-0.0195507373433,8.96919245574e-05,-0.494602756958,-0.574160072535,0.0991733814115,0.0,0.0,0.0
1609056103210164000,798,1609056103210164000,3.96315622011,4.42513388608,4.82274101645,0.878819861881,0.476890280434,-0.0154144877981,-0.00370193965796,-0.454454009511,-0.545506221202,0.05737132075,0.0,0.0,0.0
1609056103310281000,799,1609056103310281000,3.92093913775,4.36145459443,4.8073122627,0.87882243243,0.476947629188,-0.0126232192863,-0.00572237755788,-0.427968749338,-0.514310857027,0.0507774667957,0.0,0.0,0.0
1609056103410136000,800,1609056103410136000,3.88080954884,4.31138146867,4.81486273766,0.87890965146,0.476830706424,-0.00953279483372,-0.00770894310526,-0.39998484987,-0.491783219225,0.0460775657568,0.0,0.0,0.0
1609056103510188000,801,1609056103510188000,3.84078175061,4.26354608465,4.82026837017,0.879031797985,0.47660976936,-0.00636177365049,-0.0102836626397,-0.376191280761,-0.467935904644,0.0686472992692,0.0,0.0,0.0
1609056103610206000,802,1609056103610206000,3.80443594515,4.20572505728,4.80482608204,0.87907570142,0.476467484726,-0.00317619400838,-0.0139484394398,-0.352440629027,-0.46417439301,0.0389093808891,0.0,0.0,0.0
1609056103710303000,803,1609056103710303000,3.77041889835,4.15976043379,4.81243692101,0.879139774893,0.476365873088,0.00060239145538,-0.0137276466503,-0.335809279333,-0.464953829787,0.0357393469389,0.0,0.0,0.0
1609056103810302000,804,1609056103810302000,3.73605686468,4.11446082505,4.81682102973,0.879186365369,0.476305358031,0.00169639138113,-0.0127146811366,-0.329139810524,-0.46089782628,0.0342097853662,0.0,0.0,0.0
1609056103910303000,805,1609056103910303000,3.70696553273,4.06080987047,4.80933692942,0.879246453726,0.476190539142,0.00155428081812,-0.0128774319551,-0.315136792054,-0.455844935558,0.0340079255292,0.0,0.0,0.0
1609056104010380000,806,1609056104010380000,3.67436445754,4.01445925231,4.80963396285,0.879292305765,0.476077506524,0.00376022088214,-0.0134576945993,-0.305000812071,-0.450761836523,0.0590163481292,0.0,0.0,0.0
1609056104110365000,807,1609056104110365000,3.64329320871,3.97007325801,4.81382953595,0.87931467932,0.475994175589,0.00656475842442,-0.013861583018,-0.302826361361,-0.456129407662,0.0447190011644,0.0,0.0,0.0
1609056104210530000,808,1609056104210530000,3.61493105429,3.9257096629,4.82234969371,0.87931230407,0.47599633534,0.0065167684464,-0.0139603862139,-0.298245749316,-0.457452840226,0.0474898604706,0.0,0.0,0.0
1609056104310549000,809,1609056104310549000,3.58476793092,3.88149666858,4.8297699528,0.879412633579,0.475796932792,0.00681364885047,-0.0142924048279,-0.292248277774,-0.461971457906,0.0638570542396,0.0,0.0,0.0
1609056104410670000,810,1609056104410670000,3.55488243795,3.83642811161,4.83625191486,0.87946621145,0.475713601574,0.00711378243517,-0.0136068473468,-0.293205793987,-0.461710849487,0.0771650029494,0.0,0.0,0.0
1609056104510492000,811,1609056104510492000,3.52636834191,3.79084072624,4.84299045475,0.879507229201,0.475648883411,0.00612298384599,-0.0136997285679,-0.289655169075,-0.466071800643,0.0748722482381,0.0,0.0,0.0
1609056104610470000,812,1609056104610470000,3.49724272737,3.74444342426,4.85160913992,0.879536790773,0.475628422795,0.00487949642312,-0.0129933683185,-0.28437676448,-0.467728110529,0.0789750773131,0.0,0.0,0.0
1609056104710624000,813,1609056104710624000,3.4712252442,3.6977550365,4.86308232325,0.879588566399,0.475555583783,0.00288801650474,-0.0127475469272,-0.277179257534,-0.466033557478,0.0851678286715,0.0,0.0,0.0
1609056104810576000,814,1609056104810576000,3.4469555746,3.65322693967,4.87582003422,0.879559591638,0.475649759251,0.000411898906981,-0.011491806715,-0.268027900034,-0.459055527368,0.0961078502162,0.0,0.0,0.0
1609056104910612000,815,1609056104910612000,3.42146737357,3.60909427054,4.88507386343,0.879610489399,0.475534840137,-0.00091572597133,-0.0122948851861,-0.252133402192,-0.449155732768,0.106578746088,0.0,0.0,0.0
1609056105010659000,816,1609056105010659000,3.39752086726,3.5655463193,4.89253516111,0.879652907359,0.475443694252,-0.0020138005278,-0.0126491413911,-0.236325488203,-0.442034398689,0.0938327750522,0.0,0.0,0.0
1609056105110697000,817,1609056105110697000,3.37734794006,3.51777196001,4.89780453913,0.879662803495,0.47542662678,-0.00323191086625,-0.0123462321101,-0.213933551604,-0.433597643117,0.0882774154211,0.0,0.0,0.0
1609056105210684000,818,1609056105210684000,3.35302749954,3.47277887382,4.90623667425,0.879722529125,0.475311043061,-0.00385559705389,-0.0123619765695,-0.191229989775,-0.424500292256,0.0787668144651,0.0,0.0,0.0
1609056105310668000,819,1609056105310668000,3.33313622978,3.43005952729,4.90928808073,0.879762380681,0.475225072993,-0.00272616665903,-0.0131092162913,-0.170164897348,-0.411396713644,0.0921099154674,0.0,0.0,0.0
1609056105410851000,820,1609056105410851000,3.31609638859,3.38900160932,4.91291001732,0.879804409376,0.475145326012,0.000508424176177,-0.0134484912263,-0.152365240217,-0.406272524917,0.088395579935,0.0,0.0,0.0
1609056105510883000,821,1609056105510883000,3.30223427912,3.34992025102,4.92306785649,0.879883583012,0.474995308325,0.00317979869999,-0.0131994808837,-0.142914876489,-0.40447405873,0.0829091398678,0.0,0.0,0.0
1609056105610826000,822,1609056105610826000,3.28968926938,3.31190815842,4.93514167597,0.879954880341,0.474862676848,0.00465146779351,-0.0127753883948,-0.136124627147,-0.404980973717,0.0720324199605,0.0,0.0,0.0
1609056105710863000,823,1609056105710863000,3.2766307101,3.27306346866,4.94357086937,0.880036236257,0.474712383065,0.0054653870763,-0.0124300355846,-0.128328703056,-0.403893624045,0.0708146934954,0.0,0.0,0.0
1609056105810875000,824,1609056105810875000,3.26403753582,3.23519602593,4.9519200262,0.87998461355,0.474805867776,0.00573005180453,-0.0123949323464,-0.124983248545,-0.405262966636,0.0511115684189,0.0,0.0,0.0
1609056105910866000,825,1609056105910866000,3.25296719213,3.19689509682,4.95886395179,0.879984390296,0.474856574056,0.00508090596252,-0.0106250320915,-0.123312024931,-0.398733850091,0.0446580013586,0.0,0.0,0.0
1609056106010946000,826,1609056106010946000,3.24409899341,3.15850522861,4.96460512928,0.879965847023,0.474910485816,0.00434200397514,-0.0100640715794,-0.117762057811,-0.391489809578,0.033295811407,0.0,0.0,0.0
1609056106110956000,827,1609056106110956000,3.2279884047,3.11822701281,4.96382079862,0.879987230081,0.474882245112,0.00368886201002,-0.00978368379296,-0.112356337976,-0.386093482851,0.038399544809,0.0,0.0,0.0
1609056106211020000,828,1609056106211020000,3.21010780483,3.07759507443,4.96152746063,0.880016467068,0.474813234626,0.00382595089642,-0.0104293822194,-0.114870717583,-0.377744831793,0.0332711999731,0.0,0.0,0.0
1609056106311037000,829,1609056106311037000,3.19986475927,3.04010658961,4.96814016011,0.88004414058,0.474804610545,0.00375886045344,-0.00829237022953,-0.110543424504,-0.37616254446,0.0182909519555,0.0,0.0,0.0
1609056106411036000,830,1609056106411036000,3.19557632928,3.00959967473,4.96846830117,0.880082191736,0.474788506019,-0.00104567537387,-0.00548788707709,-0.105935984489,-0.364104201231,-0.0318334527079,0.0,0.0,0.0
1609056106511123000,831,1609056106511123000,3.18696828273,2.97547013544,4.9754151111,0.879958970275,0.474946738193,-0.00984512314571,-0.000938116353278,-0.0963773469017,-0.337942045958,-0.0238886239798,0.0,0.0,0.0
1609056106611206000,832,1609056106611206000,3.17898883023,2.94311021002,4.96664942249,0.879801135596,0.475040830479,-0.0167821360695,0.00212863605296,-0.0682512661138,-0.291375933405,0.0130637465074,0.0,0.0,0.0
1609056106711137000,833,1609056106711137000,3.16987366235,2.91824310815,4.95794065202,0.879730846397,0.475070901101,-0.0189796138084,0.00458814613582,-0.0288515619513,-0.236341024669,0.0245754254918,0.0,0.0,0.0
1609056106811148000,834,1609056106811148000,3.16900058881,2.89889922176,4.95375862718,0.879717773446,0.475087318662,-0.0187175452153,0.0061913028033,0.00678332972908,-0.184115977539,0.0281335442982,0.0,0.0,0.0
1609056106911262000,835,1609056106911262000,3.16745104224,2.87898664372,4.95047248386,0.879732250154,0.475118929435,-0.0167257319209,0.00730895502051,0.0285516660322,-0.129947026997,0.0360421556517,0.0,0.0,0.0
1609056107011184000,836,1609056107011184000,3.17757308086,2.86666985708,4.95245495212,0.879792554233,0.475190073363,-0.0110564761488,0.00610000234002,0.0513601947075,-0.0735278308404,0.0934068700658,0.0,0.0,0.0
1609056107111234000,837,1609056107111234000,3.19089972789,2.85772920501,4.95421060601,0.879864528449,0.475224060853,-0.000672254502149,0.00022723630847,0.0608664034475,-0.0397026399654,0.111778050473,0.0,0.0,0.0
1609056107211309000,838,1609056107211309000,3.19637123418,2.84755795853,4.96035598558,0.879875971055,0.475073976761,0.00948741766434,-0.00574291486108,0.0515536554938,-0.0342107467099,0.0856014510244,0.0,0.0,0.0
1609056107311246000,839,1609056107311246000,3.20228582764,2.83562941926,4.96619886421,0.879834918678,0.474991785205,0.0145604975175,-0.00783018359429,0.0382589307421,-0.0482632096045,0.0315119104798,0.0,0.0,0.0
1609056107411293000,840,1609056107411293000,3.1926736037,2.81672164285,4.98028312662,0.879803797958,0.474984205003,0.0163237229264,-0.00829567155424,0.0101956059883,-0.0633354595243,0.0249811267954,0.0,0.0,0.0
1609056107511374000,841,1609056107511374000,3.19258528655,2.81644315406,4.98634637429,0.879853625126,0.474883896397,0.0158167794378,-0.00962874777168,-0.0132844207235,-0.0661738374937,0.0235215220517,0.0,0.0,0.0
1609056107611418000,842,1609056107611418000,3.19634713056,2.81317601017,4.98901896603,0.879855467574,0.474894986419,0.0156580483126,-0.00916152704862,-0.0226614733988,-0.072061140839,0.0289620885294,0.0,0.0,0.0
1609056107711431000,843,1609056107711431000,3.20770501485,2.80717435295,4.98428353027,0.879724180204,0.475027654982,0.017225332934,-0.0117209927656,-0.0284309715127,-0.0755807859364,0.0662610538019,0.0,0.0,0.0
1609056107811414000,844,1609056107811414000,3.21458479308,2.79914003644,4.97925584446,0.879286472422,0.475072341116,0.0290378856454,-0.0178429627401,-0.0499201287373,-0.0983537646802,0.0820704228139,0.0,0.0,0.0
1609056107911471000,845,1609056107911471000,3.20977226599,2.77864983844,4.98752901335,0.879034844266,0.475025496101,0.0348006875805,-0.0209148933533,-0.0894956037495,-0.145935645948,0.0203025159417,0.0,0.0,0.0
1609056108011454000,846,1609056108011454000,3.19887850959,2.75785288021,4.99465128484,0.879052098309,0.475008432678,0.0348993948817,-0.0204066062899,-0.12927621218,-0.193840368992,-0.0206258000793,0.0,0.0,0.0
1609056108111540000,847,1609056108111540000,3.18029280097,2.73198399854,4.99425101601,0.879272749717,0.474995334585,0.0311894976353,-0.0169138690181,-0.176299173432,-0.235367199433,-0.0502176517763,0.0,0.0,0.0
1609056108211596000,848,1609056108211596000,3.16120668588,2.70608186529,4.99264971781,0.879614309239,0.475055181318,0.0215543771251,-0.011689760964,-0.207185362668,-0.261006630221,-0.0310009892421,0.0,0.0,0.0
1609056108311559000,849,1609056108311559000,3.14118318124,2.68008999078,4.99253494992,0.879889070928,0.47495291771,0.0128985727953,-0.0069696227244,-0.229319009314,-0.261974795572,-0.018096751374,0.0,0.0,0.0
1609056108411621000,850,1609056108411621000,3.11972968996,2.65608438685,4.99292089934,0.88000007437,0.474909382604,0.00744435238279,-0.00235139111757,-0.238165226293,-0.246404393737,-0.00562347975527,0.0,0.0,0.0
1609056108511602000,851,1609056108511602000,3.10063230938,2.63280484069,4.99578004593,0.880115392097,0.474727978477,0.00466985722895,-0.00290438938852,-0.239904263803,-0.221528249239,0.0145276759438,0.0,0.0,0.0
1609056108611670000,852,1609056108611670000,3.077269126,2.60983256503,4.98866764182,0.880169895209,0.47459779354,0.00726666562057,-0.00225510644844,-0.24358216037,-0.202518349853,0.00490251607099,0.0,0.0,0.0
1609056108711740000,853,1609056108711740000,3.06083292537,2.58899424385,4.9903178406,0.880179674987,0.474520587149,0.00919173680685,-0.00542808310624,-0.245936565997,-0.1915045075,0.0125846315205,0.0,0.0,0.0
1609056108811785000,854,1609056108811785000,3.03380381666,2.5709624158,4.98924834569,0.880202953218,0.474416028609,0.0113980885541,-0.0065020399197,-0.258950392318,-0.183890162943,0.00931367016506,0.0,0.0,0.0
1609056108911819000,855,1609056108911819000,3.00568210171,2.55411989817,4.9859739843,0.880166319295,0.474293840628,0.0161814960126,-0.00952692541911,-0.272342948469,-0.175640228629,0.0424122375809,0.0,0.0,0.0
1609056109011797000,856,1609056109011797000,2.97802676681,2.53248185684,4.98980868307,0.880142535706,0.474095348022,0.0207464796314,-0.0123410456995,-0.302263687388,-0.192476871931,-0.00589263900402,0.0,0.0,0.0
1609056109111844000,857,1609056109111844000,2.94683074302,2.50877936178,4.98516116796,0.880273398306,0.473954412634,0.0160611387478,-0.0150996291805,-0.329220206367,-0.203272114631,-0.0393810898087,0.0,0.0,0.0
1609056109211873000,858,1609056109211873000,2.91673100018,2.4862680276,4.98361774319,0.880378647654,0.473710292439,0.00721342061938,-0.0219080386281,-0.328007881237,-0.218341081643,-0.0361766055735,0.0,0.0,0.0
1609056109311930000,859,1609056109311930000,2.88500469089,2.4686801341,4.97213857935,0.880438470661,0.473506793255,0.00180227872497,-0.0248227297741,-0.302573069885,-0.232953485338,-0.0309726562123,0.0,0.0,0.0
1609056109411898000,860,1609056109411898000,2.85630624079,2.45298177096,4.96049536322,0.880506605998,0.473432663142,0.00418562411671,-0.0234970384462,-0.275096924528,-0.245833986275,-0.00213689048565,0.0,0.0,0.0
1609056109511955000,861,1609056109511955000,2.8261725771,2.42852239598,4.96639525027,0.880520867056,0.473500575634,0.00789507591911,-0.0204419991715,-0.282504755155,-0.261096942045,-0.0281472419327,0.0,0.0,0.0
1609056109612004000,862,1609056109612004000,2.7971977262,2.39611278373,4.97294623018,0.880488388906,0.473547776511,0.000748417069125,-0.0221842339262,-0.28479934556,-0.272136713963,-0.0227142981754,0.0,0.0,0.0
1609056109712059000,863,1609056109712059000,2.77162410217,2.36752971525,4.97392083425,0.880412671514,0.473219731047,-0.008956846148,-0.0292641229514,-0.260440014779,-0.2730998967,0.00562751984325,0.0,0.0,0.0
1609056109812170000,864,1609056109812170000,2.74865412171,2.33931629853,4.96841032049,0.880359416735,0.472909483661,-0.0155147367429,-0.0329121645224,-0.194996129915,-0.292233841697,0.00397133309754,0.0,0.0,0.0
1609056109912088000,865,1609056109912088000,2.72943513693,2.312927369,4.96614009817,0.880446123931,0.472905212907,-0.0164521542289,-0.0300767199159,-0.132222872913,-0.302786568102,0.0339914737182,0.0,0.0,0.0
1609056110012168000,866,1609056110012168000,2.70603641697,2.2803967145,4.97216208811,0.880566973684,0.472999003754,-0.0151977861074,-0.0253529998573,-0.083922461266,-0.312824424482,0.0444227985228,0.0,0.0,0.0
1609056110112141000,867,1609056110112141000,2.70400406366,2.24944702029,4.98070547624,0.879751837746,0.474931407552,-0.0125440279285,-0.0178748277376,-0.0502118712537,-0.296960812092,0.0602614024215,0.0,0.0,0.0
1609056110212146000,868,1609056110212146000,2.70495053244,2.21779761177,4.98523906227,0.878490872774,0.477518878354,-0.00957087634569,-0.0117433212515,-0.0183568490525,-0.28190194011,0.0641940827412,0.0,0.0,0.0
1609056110312289000,869,1609056110312289000,2.70505731885,2.19028800469,4.99095723752,0.877037996085,0.480354202505,-0.00772651251587,-0.00212003866181,-0.000466856865415,-0.25681663588,0.0441200232387,0.0,0.0,0.0
1609056110412230000,870,1609056110412230000,2.69751130034,2.15624008445,4.98590449467,0.875505906742,0.483145779521,-0.00635710678024,0.0043760923011,0.00328144716123,-0.227633789152,0.047603526228,0.0,0.0,0.0
1609056110512249000,871,1609056110512249000,2.6984028033,2.13534228682,4.99082289525,0.873907230924,0.485990684125,-0.00588624838531,0.00803484683071,0.0032534602183,-0.177231481512,0.0400990955318,0.0,0.0,0.0
1609056110612295000,872,1609056110612295000,2.69264108715,2.11517922903,4.98589148701,0.872445964222,0.48860238506,-0.00541517991013,0.00874211943024,-0.00235099896924,-0.13081909059,0.0381786292342,0.0,0.0,0.0
1609056110712403000,873,1609056110712403000,2.69618367656,2.10243820204,4.98825361764,0.870769418682,0.491601734924,-0.00437048494497,0.00832181286611,-0.00621170228243,-0.0768813129506,0.06347844871,0.0,0.0,0.0
1609056110812379000,874,1609056110812379000,2.69573931968,2.09377659333,4.99337034754,0.869243442728,0.494327743231,-0.00633153593055,0.00397884404193,-0.00627045417204,-0.0339959092187,0.0678130577539,0.0,0.0,0.0
1609056110912466000,875,1609056110912466000,2.68346835193,2.07524601327,4.99627346687,0.867889831989,0.496710867284,-0.00674915856972,5.20559099433e-05,-0.00309689946127,-0.0100881856948,0.0675609276042,0.0,0.0,0.0
1609056111012528000,876,1609056111012528000,2.68022791931,2.07614470314,5.00351641964,0.86695108006,0.498366459845,-0.0029744387088,-0.00422483115481,0.00903885084269,0.0203610318701,0.0767200984517,0.0,0.0,0.0
1609056111112509000,877,1609056111112509000,2.67440240649,2.07469553799,5.00483992849,0.86619842252,0.499655109851,0.00404256448049,-0.0053592626602,0.0110250494009,0.0355248756919,0.0593697054443,0.0,0.0,0.0
1609056111212452000,878,1609056111212452000,2.64905088281,2.06915763723,4.99425086917,0.865549884046,0.50057018744,0.0156221895135,-0.00297201438911,-0.00538382438515,0.0442217068834,0.0217915267129,0.0,0.0,0.0
1609056111312496000,879,1609056111312496000,2.66368180614,2.08776867732,4.993686852,0.864870859928,0.501265662894,0.0269836267895,-0.00173629965297,-0.0337119900568,0.0519533550058,-0.0100893323298,0.0,0.0,0.0
1609056111412524000,880,1609056111412524000,2.65010062303,2.0849846341,4.99281685502,0.864368043775,0.501760710188,0.0331059107212,-0.00284135320218,-0.0954850929579,0.0421851376762,-0.0457190724672,0.0,0.0,0.0
1609056111512547000,881,1609056111512547000,2.62966075663,2.07599898236,4.9890336251,0.864052110846,0.502192144173,0.0337801014873,-0.00871233706998,-0.158835798752,0.0244354420001,-0.0686197424547,0.0,0.0,0.0
1609056111612604000,882,1609056111612604000,2.60828574041,2.07500229686,4.98195456669,0.863752548737,0.502394497424,0.0360958129064,-0.0151127694091,-0.205872436184,-0.00223225206408,-0.0358201038583,0.0,0.0,0.0
1609056111712585000,883,1609056111712585000,2.58804848059,2.06576006576,4.98093931839,0.863166634845,0.502657305478,0.0415913456528,-0.0234340288066,-0.249735741661,-0.0495526958118,-0.0477299157304,0.0,0.0,0.0
1609056111812665000,884,1609056111812665000,2.56225715679,2.05677587438,4.9751095184,0.862537534388,0.503322156342,0.0440405666189,-0.0274997672426,-0.302086828102,-0.110588543077,-0.0836956518321,0.0,0.0,0.0
1609056111912681000,885,1609056111912681000,2.5255636304,2.02760669757,4.97139830824,0.861386645476,0.505199454139,0.0447193239496,-0.0280488965601,-0.349379549562,-0.180815953355,-0.0956034820757,0.0,0.0,0.0
1609056112012761000,886,1609056112012761000,2.48633207596,2.0075008795,4.95990620519,0.860726080245,0.50631627161,0.0447140528066,-0.0281975419418,-0.395354648704,-0.242543781779,-0.101689340313,0.0,0.0,0.0
1609056112112796000,887,1609056112112796000,2.44203191169,1.98125721633,4.94990848258,0.860223151155,0.507242341663,0.0438406874744,-0.0282724453006,-0.441647057384,-0.300227702392,-0.108673312321,0.0,0.0,0.0
1609056112212785000,888,1609056112212785000,2.39276474968,1.94779561051,4.93872987187,0.860032938218,0.508020140724,0.0397565017016,-0.0260442387311,-0.480042089713,-0.364620357536,-0.157833686177,0.0,0.0,0.0
1609056112312790000,889,1609056112312790000,2.34214738965,1.90877187527,4.91951231357,0.860654172246,0.508195754267,0.0258760165267,-0.018490616768,-0.517603059664,-0.410490091574,-0.242375302666,0.0,0.0,0.0
1609056112412830000,890,1609056112412830000,2.29395692062,1.87084364865,4.88935737343,0.861234933685,0.508098707962,0.00460906937257,-0.00942594542311,-0.530814160298,-0.425837571094,-0.318452660931,0.0,0.0,0.0
1609056112512853000,891,1609056112512853000,2.22790358348,1.81177148242,4.87379636749,0.861159370752,0.508156206911,-0.013448942199,0.000966176559384,-0.52447438129,-0.400694709424,-0.237693881858,0.0,0.0,0.0
1609056112613055000,892,1609056112613055000,2.1679078373,1.76271522054,4.86438822638,0.861002834284,0.508058231362,-0.0230956214323,0.0041886955679,-0.489948676084,-0.33239009098,-0.133069339083,0.0,0.0,0.0
1609056112712899000,893,1609056112712899000,2.11415323591,1.72753247581,4.85718007958,0.860819384463,0.508429139403,-0.0216667710827,0.00451093892232,-0.46440750229,-0.263872788995,-0.102168401419,0.0,0.0,0.0
1609056112813019000,894,1609056112813019000,2.06893174302,1.70596167482,4.84758336379,0.860037940768,0.509794159474,-0.0210416551863,0.00137991017402,-0.434514733141,-0.204395607532,-0.0953675943606,0.0,0.0,0.0
1609056112912986000,895,1609056112912986000,2.02674965237,1.68483360611,4.83835152721,0.858456208952,0.512522328089,-0.0193063254296,-0.00103262806505,-0.416514748043,-0.144599941433,-0.0721814879001,0.0,0.0,0.0
1609056113012973000,896,1609056113012973000,1.98849985823,1.66920013964,4.83199622786,0.854633936866,0.518962224593,-0.0162695019942,-0.00378770465982,-0.389713871388,-0.0951461426406,-0.0237122077963,0.0,0.0,0.0
1609056113113091000,897,1609056113113091000,1.95273454113,1.65804560627,4.8310975558,0.850713086744,0.525596796167,-0.00477003769822,-0.00353534194172,-0.357940717808,-0.0658127634545,0.00105260350921,0.0,0.0,0.0
1609056113213110000,898,1609056113213110000,1.92274065237,1.64733261352,4.82414275475,0.847688800619,0.530471134123,0.00328588061678,-0.00364364590873,-0.354897515983,-0.0487725550595,-0.0211024437664,0.0,0.0,0.0
1609056113313223000,899,1609056113313223000,1.88431284337,1.64355795646,4.8180882403,0.845013660551,0.534662909519,0.00742326359345,-0.00569050289535,-0.362710204964,-0.0344243157429,-0.0298037239792,0.0,0.0,0.0
1609056113413068000,900,1609056113413068000,1.83747888927,1.64448142784,4.81165358714,0.842504329558,0.538515880729,0.010842195664,-0.00833952472542,-0.374953828245,-0.0247441666181,-0.016007684426,0.0,0.0,0.0
1609056113513492000,901,1609056113513492000,1.79945757606,1.6417755681,4.80873341415,0.839961725628,0.542297341437,0.0166570223854,-0.0100218039981,-0.389346687925,-0.0283173580969,-0.00528683729524,0.0,0.0,0.0
1609056113613134000,902,1609056113613134000,1.75544553341,1.63892952377,4.80751476939,0.837407033468,0.546024818309,0.022765438575,-0.00938578159382,-0.421627016551,-0.0381559199284,-0.00805005894363,0.0,0.0,0.0
1609056113713186000,903,1609056113713186000,1.7119890649,1.63467004465,4.80869864916,0.834103505202,0.550887059073,0.0260358325522,-0.0108132408798,-0.450512185681,-0.0557918750154,-0.000711199660401,0.0,0.0,0.0
1609056113813214000,904,1609056113813214000,1.67517981016,1.6267329861,4.80212152552,0.831259167841,0.555186495181,0.0257122990206,-0.0107251633548,-0.480792096906,-0.0765749390958,-0.0109577566708,0.0,0.0,0.0
1609056113913225000,905,1609056113913225000,1.62525765529,1.61748684897,4.802564079,0.828536575648,0.559361946792,0.0236063439469,-0.00917037729597,-0.509199981482,-0.0959536511359,-0.0217550631153,0.0,0.0,0.0
1609056114013265000,906,1609056114013265000,1.57939480437,1.60546085248,4.79736670015,0.825600543153,0.563906531321,0.0180889548561,-0.00812137869707,-0.541737544133,-0.103440267408,-0.0123930503664,0.0,0.0,0.0
1609056114113316000,907,1609056114113316000,1.52497657214,1.59273274249,4.79564472604,0.82231213996,0.568859767852,0.0122485810251,-0.00716109329508,-0.556193298537,-0.109652001723,0.0038567149728,0.0,0.0,0.0
1609056114213644000,908,1609056114213644000,1.47118609623,1.58627832959,4.80512567109,0.819559773039,0.572909632795,0.00633793699665,-0.0074941058638,-0.559207637959,-0.0952134177002,0.0298008374386,0.0,0.0,0.0
1609056114313404000,909,1609056114313404000,1.41350569905,1.5793105065,4.8206959907,0.816838336037,0.576801202303,0.00418535056192,-0.00761502743759,-0.557063310886,-0.0860934011738,0.0528214703595,0.0,0.0,0.0
1609056114413479000,910,1609056114413479000,1.35483254149,1.56978280104,4.82294023725,0.813371811153,0.581658407639,0.00663114790734,-0.00747138023108,-0.569205620355,-0.0660857087538,0.0892302157707,0.0,0.0,0.0
1609056114513401000,911,1609056114513401000,1.32499918194,1.57733537321,4.84757232307,0.809976627635,0.586263044042,0.0100273210049,-0.0115307722632,-0.549021922843,-0.0556055509609,0.100384359278,0.0,0.0,0.0
1609056114613425000,912,1609056114613425000,1.26848361643,1.56842273323,4.85518086526,0.807083831757,0.590043497161,0.0131449642519,-0.0170754176616,-0.546307742039,-0.0735066067082,0.0899954225456,0.0,0.0,0.0
1609056114713497000,913,1609056114713497000,1.232938562,1.57002892619,4.87271929885,0.805072519669,0.592651836088,0.0133722479551,-0.0210528439849,-0.523207344129,-0.0952742754425,0.066343611919,0.0,0.0,0.0
1609056114813473000,914,1609056114813473000,1.18647427854,1.56106716871,4.88286490694,0.803533679352,0.59478233824,0.0122531753434,-0.020431738994,-0.51679459076,-0.118751333871,0.0657466487098,0.0,0.0,0.0
1609056114913550000,915,1609056114913550000,1.14750219271,1.55971066442,4.89091040784,0.801771271633,0.597223535917,0.0114230663274,-0.0188782860814,-0.508209456645,-0.127181894094,0.0561512650965,0.0,0.0,0.0
1609056115013552000,916,1609056115013552000,1.0927679722,1.54358830282,4.89330490726,0.799553287986,0.600232916509,0.0116109044286,-0.0173254872667,-0.510285069618,-0.143917766985,0.0523781941446,0.0,0.0,0.0
1609056115113573000,917,1609056115113573000,1.03863858241,1.52653423108,4.89659989554,0.797273483687,0.603267982104,0.0137206899667,-0.0153126302713,-0.506770547951,-0.159945703237,0.0623089729357,0.0,0.0,0.0
1609056115213714000,918,1609056115213714000,0.99214081118,1.51733880629,4.89818186954,0.795115050855,0.606107608981,0.0161423388753,-0.0128470671472,-0.516100022068,-0.165902409978,0.058908330485,0.0,0.0,0.0
1609056115313604000,919,1609056115313604000,0.939989324655,1.49922292254,4.90353346161,0.792840828488,0.609049237897,0.0184897483335,-0.0109806969597,-0.535889021557,-0.177482408806,0.054981878609,0.0,0.0,0.0
1609056115413730000,920,1609056115413730000,0.883631140808,1.48897442633,4.90427885018,0.790746401259,0.611756546484,0.0193612758603,-0.00995980558563,-0.556248136981,-0.184402187574,0.0405842814005,0.0,0.0,0.0
1609056115513762000,921,1609056115513762000,0.827648594128,1.46915483298,4.90967602003,0.788961874075,0.614134380108,0.0174689708587,-0.00854163234506,-0.572046896301,-0.197294473623,0.0061692504146,0.0,0.0,0.0
1609056115613787000,922,1609056115613787000,0.7701008296,1.45547751593,4.90429917217,0.787245342085,0.616396803879,0.0157899484182,-0.00710134232402,-0.593881858892,-0.191344637472,0.0114104583649,0.0,0.0,0.0
1609056115713809000,923,1609056115713809000,0.71144898135,1.43614131126,4.90275471447,0.785436612286,0.618745910861,0.0137976051087,-0.0072423730305,-0.609245252047,-0.192464130346,0.00703144953151,0.0,0.0,0.0
1609056115813808000,924,1609056115813808000,0.651139404876,1.42477294927,4.89685680516,0.783808376456,0.620848244157,0.0114941583338,-0.00773117386574,-0.620574688817,-0.184305896789,0.00889078950365,0.0,0.0,0.0
1609056115913855000,925,1609056115913855000,0.593510083994,1.40429778368,4.89667368717,0.78149140797,0.6237544415,0.0119152744679,-0.00772024685933,-0.638774961241,-0.179494996143,0.0224581832951,0.0,0.0,0.0
1609056116013851000,926,1609056116013851000,0.531982328864,1.38479730729,4.89746559722,0.778761072526,0.627132130181,0.0118820499322,-0.00976217712575,-0.6456266453,-0.183281139197,0.00571051934143,0.0,0.0,0.0
1609056116113961000,927,1609056116113961000,0.470851120734,1.37264536661,4.89377424125,0.776531201185,0.629889560982,0.0116762071802,-0.0101044909961,-0.64364100947,-0.183666278203,-0.00116357490565,0.0,0.0,0.0
1609056116213914000,928,1609056116213914000,0.407041880228,1.3544728899,4.8942032472,0.774370805043,0.632509115705,0.0113723476519,-0.0123589868571,-0.653280922922,-0.183842345377,0.0219763729614,0.0,0.0,0.0
1609056116314015000,929,1609056116314015000,0.33373013398,1.34157998712,4.89521537873,0.772073533456,0.635277336906,0.011272870024,-0.0140743224425,-0.66515251015,-0.188315133953,0.0327450150938,0.0,0.0,0.0
1609056116414031000,930,1609056116414031000,0.26603634893,1.318134706,4.90400866043,0.769005525038,0.638995003095,0.0106932111488,-0.0141966093097,-0.670448464452,-0.201951701676,0.033919549817,0.0,0.0,0.0
1609056116514064000,931,1609056116514064000,0.197140836298,1.29208736735,4.91285808818,0.765394239661,0.643331464055,0.00879810313046,-0.0147945473489,-0.686372403133,-0.213428976657,0.0398900105804,0.0,0.0,0.0
1609056116614180000,932,1609056116614180000,0.13278170643,1.2682921985,4.91602408004,0.760424558914,0.649238772611,0.00748527906055,-0.013692221737,-0.686745260174,-0.217148723466,0.0433178390635,0.0,0.0,0.0
1609056116714093000,933,1609056116714093000,0.0755702737937,1.24623468632,4.91696628292,0.754433975456,0.656201292656,0.00668099178514,-0.0135869254269,-0.698902598282,-0.217677690162,0.042417348263,0.0,0.0,0.0
1609056116814112000,934,1609056116814112000,0.00219962255473,1.2259193268,4.91714237509,0.746085648607,0.665683021538,0.00495543338907,-0.0140628396465,-0.705459313762,-0.217919606378,0.0418117192617,0.0,0.0,0.0
1609056116914097000,935,1609056116914097000,-0.0683881788454,1.20520348118,4.91787642881,0.737123158257,0.675598581597,0.00448757393956,-0.0139952772599,-0.700898147272,-0.220230310255,0.0478223483961,0.0,0.0,0.0
1609056117014170000,936,1609056117014170000,-0.134186697167,1.18526176492,4.91810286233,0.72691892059,0.686541221766,0.00211568541781,-0.0156702769357,-0.711938121997,-0.220221684155,0.043656539226,0.0,0.0,0.0
1609056117114215000,937,1609056117114215000,-0.205584839196,1.16502321952,4.91938055143,0.716713671963,0.697158050536,0.000880853024483,-0.0170701227878,-0.672657239572,-0.223891265726,0.0513489132428,0.0,0.0,0.0
1609056117214257000,938,1609056117214257000,-0.278357668379,1.14305935699,4.923664563,0.709018708216,0.704951570382,0.000305831337446,-0.0183210611811,-0.650299639708,-0.22733089244,0.0527058591147,0.0,0.0,0.0
1609056117314300000,939,1609056117314300000,-0.34732425405,1.12100752516,4.9279380339,0.70206120057,0.711835434398,0.000318419688221,-0.0200070887287,-0.630535524188,-0.227573900042,0.072479654124,0.0,0.0,0.0
1609056117414336000,940,1609056117414336000,-0.420330151086,1.09777600166,4.93401601859,0.695325937813,0.718367805489,0.00284912563094,-0.0214806593042,-0.622742514707,-0.235511431662,0.085139794831,0.0,0.0,0.0
1609056117514402000,941,1609056117514402000,-0.488526285736,1.07363043251,4.94116681872,0.688718787195,0.724625224737,0.00296147933925,-0.0239988641255,-0.612777019991,-0.249497474604,0.0835986149125,0.0,0.0,0.0
1609056117614447000,942,1609056117614447000,-0.555675965909,1.04736378022,4.9485275424,0.68156556091,0.731293340254,0.00267295752151,-0.0259093029544,-0.607512279246,-0.266854454369,0.0834570795436,0.0,0.0,0.0
1609056117714425000,943,1609056117714425000,-0.614927893117,1.01919485393,4.95663862698,0.673611424334,0.738570139709,0.00253299428202,-0.0274842077804,-0.583511532562,-0.285455048456,0.0892265704258,0.0,0.0,0.0
1609056117814452000,944,1609056117814452000,-0.670616906269,0.989166510076,4.96439527139,0.665834927546,0.745528346766,0.002682543338,-0.0290540425614,-0.555781393514,-0.306690122833,0.0799208510403,0.0,0.0,0.0
1609056117914449000,945,1609056117914449000,-0.720995981521,0.956269091377,4.97216406876,0.658085191248,0.752375099174,0.00278749154236,-0.0291173675499,-0.522335055267,-0.329807076234,0.0710876614959,0.0,0.0,0.0
1609056118014489000,946,1609056118014489000,-0.761310926791,0.922401663443,4.979770611,0.650370566103,0.759081592617,0.00331650729165,-0.0283242524595,-0.482354158814,-0.350680387014,0.0668794250031,0.0,0.0,0.0
1609056118114532000,947,1609056118114532000,-0.806747071571,0.885764676081,4.98775029044,0.642868662885,0.765493203748,0.00371237615478,-0.0269491290997,-0.453880746865,-0.369877698289,0.0790325478373,0.0,0.0,0.0
1609056118214527000,948,1609056118214527000,-0.848856887624,0.847097363853,4.99713591031,0.635650667688,0.771554977649,0.00406879252856,-0.0251910710592,-0.429044406303,-0.388487379633,0.0828280897569,0.0,0.0,0.0
1609056118314541000,949,1609056118314541000,-0.893790836505,0.805891391804,5.0058617383,0.628719695821,0.777260894927,0.00395074901683,-0.0236946594609,-0.414330546609,-0.404688147927,0.0797335731603,0.0,0.0,0.0
1609056118414576000,950,1609056118414576000,-0.937550980419,0.763275580898,5.0155250382,0.622447463048,0.782341027971,0.00319237439674,-0.0221693582103,-0.398436371862,-0.418711598416,0.0900928972995,0.0,0.0,0.0
1609056118514612000,951,1609056118514612000,-0.981928161841,0.71923665125,5.02616202812,0.616422240698,0.787152404774,0.0034179219282,-0.0200756230391,-0.395229743273,-0.430749287898,0.124407730875,0.0,0.0,0.0
1609056118614691000,952,1609056118614691000,-1.02537637823,0.674426479908,5.03862231585,0.610544239348,0.791730889564,0.00276855233208,-0.0197551367323,-0.388524343168,-0.44081851064,0.13161252987,0.0,0.0,0.0
1609056118714710000,953,1609056118714710000,-1.06754933314,0.629452706438,5.05158735565,0.604734301905,0.796169285535,0.00140060237343,-0.0202220469736,-0.384309779153,-0.445567705464,0.136399698836,0.0,0.0,0.0
1609056118814781000,954,1609056118814781000,-1.10521584529,0.584373244786,5.06415104515,0.598920882091,0.800540348471,0.00161961928057,-0.0206471378162,-0.373454729971,-0.450847180639,0.137824868395,0.0,0.0,0.0
1609056118914720000,955,1609056118914720000,-1.14922245761,0.537051158118,5.07422125309,0.593015370712,0.804898832317,0.00065556987372,-0.0216843275623,-0.368739684335,-0.462171674682,0.121399533975,0.0,0.0,0.0
1609056119014783000,956,1609056119014783000,-1.18232372914,0.491400201224,5.0862174408,0.58704362286,0.809276569258,0.000230506541141,-0.0212406726846,-0.350748882069,-0.465934106383,0.115677591357,0.0,0.0,0.0
1609056119114773000,957,1609056119114773000,-1.22224349611,0.443610058855,5.09434608895,0.581213682096,0.813506857783,0.000373800335067,-0.0199275778233,-0.337218706743,-0.471198173974,0.100326824302,0.0,0.0,0.0
1609056119214823000,958,1609056119214823000,-1.25784443701,0.395718725343,5.10325983452,0.575401286944,0.817640046303,-0.000320914982859,-0.0194424966895,-0.327496923104,-0.474205253405,0.0849426507489,0.0,0.0,0.0
1609056119314854000,959,1609056119314854000,-1.2998633852,0.346254637073,5.10838940624,0.569630125921,0.821719747057,0.00167770811657,-0.0171861058707,-0.328958079411,-0.477743082241,0.0676479607971,0.0,0.0,0.0
1609056119414953000,960,1609056119414953000,-1.33247373159,0.298024622218,5.11544049493,0.563779765231,0.825761612592,0.00309535658208,-0.0161416929954,-0.324541792305,-0.483529194051,0.0621568811952,0.0,0.0,0.0
1609056119514899000,961,1609056119514899000,-1.37194084916,0.247217084252,5.11878117966,0.558135778061,0.82958567905,0.00206796960174,-0.016363919592,-0.329346256422,-0.488815865135,0.0748180180449,0.0,0.0,0.0
1609056119614912000,962,1609056119614912000,-1.40044159599,0.198641302333,5.1263075442,0.552375272286,0.833429845199,0.00166504407221,-0.0165372103668,-0.326558901062,-0.493478056238,0.0826526963435,0.0,0.0,0.0
1609056119714992000,963,1609056119714992000,-1.44023341998,0.14751456346,5.13065688128,0.54602911296,0.837623777022,0.00188451686209,-0.0153318154438,-0.330395859769,-0.497982317701,0.0637435742414,0.0,0.0,0.0
1609056119815040000,964,1609056119815040000,-1.47199914575,0.0981590792511,5.13887399632,0.539681572721,0.841759291196,0.00104504925816,-0.01356479349,-0.322783255959,-0.494124379874,0.0564360198366,0.0,0.0,0.0
1609056119915120000,965,1609056119915120000,-1.51331167858,0.0467090055117,5.14459645098,0.533561831398,0.845658205722,0.00122660534922,-0.0131326543061,-0.328152732139,-0.490687377295,0.0567146295156,0.0,0.0,0.0
1609056120015024000,966,1609056120015024000,-1.54473321533,-0.00185272768982,5.14604261987,0.527400582551,0.849518129333,0.00314088038726,-0.0125581976967,-0.326670250373,-0.485680494104,0.035562205838,0.0,0.0,0.0
1609056120115048000,967,1609056120115048000,-1.58583727834,-0.0519212967631,5.14465802209,0.521429990477,0.853183891299,0.00792788118458,-0.0111875537537,-0.340061743878,-0.490510921527,-0.00211632800109,0.0,0.0,0.0
1609056120215103000,968,1609056120215103000,-1.62056035668,-0.101077042373,5.14566048003,0.515608070897,0.856718320169,0.00935900191474,-0.00971834330864,-0.356300619024,-0.499768292979,-0.011239712537,0.0,0.0,0.0
1609056120315168000,969,1609056120315168000,-1.66651584657,-0.155820373248,5.14139369953,0.509891186582,0.860139380459,0.0109865032136,-0.00710779687063,-0.378852814751,-0.513547138712,-0.0478296921177,0.0,0.0,0.0
1609056120415141000,970,1609056120415141000,-1.70750354963,-0.208051869053,5.13783093419,0.504258806168,0.863465401345,0.0111682065271,-0.00508214959313,-0.403455639412,-0.518024425112,-0.057634347914,0.0,0.0,0.0
1609056120515231000,971,1609056120515231000,-1.75612520153,-0.262372713801,5.13229441767,0.498812930254,0.866629625659,0.0104816463386,-0.00537472151055,-0.435218867703,-0.526499486046,-0.0670874801878,0.0,0.0,0.0
1609056120615218000,972,1609056120615218000,-1.79759973243,-0.31203770229,5.12268222763,0.49324525921,0.869814386906,0.00959477888305,-0.00632351295384,-0.458981290745,-0.531665273365,-0.0684349913172,0.0,0.0,0.0
1609056120715273000,973,1609056120715273000,-1.84467845743,-0.363128306993,5.1143190777,0.487679463876,0.872939716585,0.00794888465026,-0.00904471973459,-0.47952277848,-0.534992445111,-0.0663441246655,0.0,0.0,0.0
1609056120815318000,974,1609056120815318000,-1.89087935436,-0.415623274649,5.10742660805,0.481901041007,0.876111480551,0.00714472744754,-0.0122070960265,-0.490256955312,-0.546841520968,-0.0764190442825,0.0,0.0,0.0
1609056120915337000,975,1609056120915337000,-1.93083658557,-0.46235167831,5.09401494531,0.475974507122,0.879329707202,0.00643108566863,-0.0136446231049,-0.49501760745,-0.549930345433,-0.0910567029347,0.0,0.0,0.0
1609056121015527000,976,1609056121015527000,-1.98176398699,-0.522536615758,5.08375965285,0.469915973616,0.882560450618,0.00629449197662,-0.0150468640034,-0.503024334146,-0.564175268427,-0.0998632582772,0.0,0.0,0.0
1609056121115345000,977,1609056121115345000,-2.03768337546,-0.586549450748,5.07545265511,0.463723921258,0.885825977527,0.0060363216591,-0.01536311205,-0.505841111089,-0.577655116413,-0.0929895217564,0.0,0.0,0.0
1609056121215306000,978,1609056121215306000,-2.08614646746,-0.644061535378,5.06728354721,0.457553587865,0.889009422225,0.00627010660826,-0.0163599263276,-0.505536767709,-0.584308498529,-0.0714895044741,0.0,0.0,0.0
1609056121315465000,979,1609056121315465000,-2.13787728583,-0.706580323385,5.06052551015,0.451261074258,0.892211184154,0.00732303932447,-0.0164017933404,-0.504304598052,-0.596153790634,-0.0722780981397,0.0,0.0,0.0
1609056121415502000,980,1609056121415502000,-2.19091520574,-0.772046556416,5.05419041421,0.444884565363,0.89541009011,0.00761609028824,-0.0161396778171,-0.511813216056,-0.61704626929,-0.0815270524967,0.0,0.0,0.0
1609056121515528000,981,1609056121515528000,-2.24005417659,-0.833058750466,5.04646430106,0.438308140101,0.898647907188,0.00746664415778,-0.0161914314985,-0.509032278326,-0.625251869234,-0.0662504748364,0.0,0.0,0.0
1609056121615533000,982,1609056121615533000,-2.29187016276,-0.900929104501,5.04091177996,0.431508288034,0.901931880151,0.00723442927006,-0.0163445390966,-0.511401043634,-0.641741171716,-0.061122532731,0.0,0.0,0.0
1609056121715527000,983,1609056121715527000,-2.34555760582,-0.971387747678,5.03603198423,0.42487962026,0.905077745324,0.00535616982544,-0.0168194723881,-0.513123295615,-0.661470106372,-0.0530084403537,0.0,0.0,0.0
1609056121815598000,984,1609056121815598000,-2.39681745941,-1.0424889895,5.03237528222,0.418545670555,0.90802607902,0.00487345865719,-0.0168644857461,-0.507186961623,-0.667374891628,-0.0486294080753,0.0,0.0,0.0
1609056121915629000,985,1609056121915629000,-2.44635057384,-1.11301229394,5.0276518149,0.412449566809,0.91079901152,0.00332105297749,-0.0178741729904,-0.504944670536,-0.680250329513,-0.0496711224386,0.0,0.0,0.0
1609056122015778000,986,1609056122015778000,-2.49524577637,-1.18385434114,5.02348709828,0.406117089957,0.913641882724,0.00183093118638,-0.0180018629479,-0.499673066896,-0.690828758811,-0.0506001585509,0.0,0.0,0.0
1609056122115720000,987,1609056122115720000,-2.54310049738,-1.25371221736,5.01892737481,0.399606691176,0.916513646465,-0.000135185343022,-0.017810388447,-0.490001265008,-0.688535772043,-0.0260550400963,0.0,0.0,0.0
1609056122215667000,988,1609056122215667000,-2.59200384111,-1.32492856122,5.01847747124,0.393892403947,0.9189791094,-0.00277449852899,-0.0178458050416,-0.485219090605,-0.686254554845,0.0157123342475,0.0,0.0,0.0
1609056122315731000,989,1609056122315731000,-2.63955869556,-1.39381089466,5.02073704433,0.388477777094,0.921244583859,-0.00558170218975,-0.01903360229,-0.474030021992,-0.672474652288,0.024421840454,0.0,0.0,0.0
1609056122415716000,990,1609056122415716000,-2.68686718822,-1.46000828967,5.02211453451,0.383112224938,0.92346512464,-0.0068004383073,-0.0197722208178,-0.466435894348,-0.659017806615,0.0209817722293,0.0,0.0,0.0
1609056122515753000,991,1609056122515753000,-2.73620379139,-1.52773329725,5.02375479701,0.377945979791,0.92557002931,-0.00772574595753,-0.0204271890237,-0.460476436304,-0.649727446547,0.0221647153099,0.0,0.0,0.0
1609056122615823000,992,1609056122615823000,-2.78000057704,-1.59102737318,5.02598373147,0.371826351022,0.928000889622,-0.00975820714501,-0.0215474114622,-0.453245557292,-0.638463469999,0.0300192764169,0.0,0.0,0.0
1609056122715835000,993,1609056122715835000,-2.82524559213,-1.65451170016,5.02720220371,0.364188087044,0.931011687202,-0.0105607339345,-0.021742733196,-0.443094514829,-0.628655331631,0.0113896540238,0.0,0.0,0.0
1609056122815856000,994,1609056122815856000,-2.86680391238,-1.71424889169,5.02886075583,0.354529880981,0.934716179754,-0.0116118943325,-0.0218949927639,-0.43791593998,-0.62187416348,0.00533633812308,0.0,0.0,0.0
1609056122915872000,995,1609056122915872000,-2.90598925959,-1.77128854921,5.02979902506,0.343522387008,0.938782337949,-0.013636279987,-0.0222293375475,-0.417639398457,-0.594460015252,0.00140385229431,0.0,0.0,0.0
1609056123015978000,996,1609056123015978000,-2.94516128802,-1.82782007456,5.02796038788,0.332728993101,0.94269343148,-0.0135836413566,-0.0208805192134,-0.398302282867,-0.569089985767,0.00314283461551,0.0,0.0,0.0
1609056123116013000,997,1609056123116013000,-2.98164697245,-1.88137726022,5.02597373133,0.321771297669,0.946500271686,-0.013264285185,-0.0206040392605,-0.384502648289,-0.544404172671,-0.0233615287526,0.0,0.0,0.0
1609056123216057000,998,1609056123216057000,-3.0185150364,-1.93525251434,5.02211473076,0.311010592337,0.950108119963,-0.0128361042499,-0.0200550807223,-0.367949000539,-0.518338977074,-0.032074434014,0.0,0.0,0.0
1609056123316019000,999,1609056123316019000,-3.05721145082,-1.98958554117,5.01719691967,0.300326187434,0.953570844756,-0.0114139537232,-0.019404814711,-0.361169171514,-0.500683665348,-0.0409945876145,0.0,0.0,0.0
1609056123416039000,1000,1609056123416039000,-3.09247661323,-2.03960711624,5.01208608093,0.290079265413,0.956726262747,-0.00945190280201,-0.0209651968987,-0.347139575221,-0.474764149178,-0.0305312005844,0.0,0.0,0.0
1609056123516105000,1001,1609056123516105000,-3.13289167704,-2.0954526595,5.00823436369,0.280116544895,0.95965578628,-0.00556883382508,-0.0237588136193,-0.339419556552,-0.467911765827,-0.0323891908826,0.0,0.0,0.0
1609056123616176000,1002,1609056123616176000,-3.17315939354,-2.15036687761,5.00339562554,0.269906542607,0.962513659134,-0.00244886116449,-0.0266817787364,-0.332571933464,-0.47057734734,-0.0441335462522,0.0,0.0,0.0
1609056123716146000,1003,1609056123716146000,-3.20590634961,-2.19898716191,4.99503648251,0.259954888293,0.965169807731,0.00114581529417,-0.0294853421767,-0.313931451166,-0.47690840742,-0.0730665193582,0.0,0.0,0.0
1609056123816204000,1004,1609056123816204000,-3.23472128196,-2.25038560731,4.98816587767,0.249737502175,0.967766063144,0.00374922503096,-0.0323414648164,-0.292146721596,-0.495218059933,-0.0738897361486,0.0,0.0,0.0
1609056123916191000,1005,1609056123916191000,-3.26368166851,-2.30523454556,4.98155684045,0.239567685814,0.970228977259,0.00459907044127,-0.0352406604769,-0.266107950404,-0.513699278127,-0.0808512717103,0.0,0.0,0.0
1609056124016277000,1006,1609056124016277000,-3.29449348491,-2.36542524961,4.97611932733,0.229328564681,0.972635208948,0.00522206763018,-0.0369037903821,-0.24098256543,-0.542506772496,-0.0807955411042,0.0,0.0,0.0
1609056124116291000,1007,1609056124116291000,-3.31070110147,-2.41682333415,4.96853868092,0.218742727478,0.975024266747,0.00433852113717,-0.0382161701862,-0.204332604107,-0.566229494943,-0.0598204500744,0.0,0.0,0.0
1609056124216357000,1008,1609056124216357000,-3.33164593884,-2.47334465148,4.96360484011,0.207734615004,0.977399465325,0.00355145620974,-0.0390384691124,-0.17093199795,-0.581994387733,-0.052792145956,0.0,0.0,0.0
1609056124316341000,1009,1609056124316341000,-3.3460728112,-2.5277221681,4.95989870369,0.19658289221,0.97966898092,0.00253340256962,-0.0399679394661,-0.131446161895,-0.589081187305,-0.0287497947538,0.0,0.0,0.0
1609056124416355000,1010,1609056124416355000,-3.36108005252,-2.59191165868,4.9609127919,0.185476456871,0.981833716777,0.00163022933784,-0.0399797310917,-0.0934582237705,-0.608110566091,-0.0140198671954,0.0,0.0,0.0
1609056124516356000,1011,1609056124516356000,-3.37104457352,-2.65450803489,4.96197768173,0.1745152702,0.983871317076,0.00065561797379,-0.0392584012417,-0.0604951206196,-0.626953211604,0.0155657457624,0.0,0.0,0.0
1609056124616401000,1012,1609056124616401000,-3.37931096156,-2.71999038442,4.96477969964,0.163656838038,0.98573843839,-0.00180464829073,-0.039152441671,-0.0271960336752,-0.631796545998,0.0256325008645,0.0,0.0,0.0
1609056124716423000,1013,1609056124716423000,-3.3828582144,-2.78468194713,4.96669412262,0.15300378823,0.987448520237,-0.00314766180105,-0.0390557664706,0.00554685549945,-0.635579026915,0.0137043826803,0.0,0.0,0.0
1609056124816437000,1014,1609056124816437000,-3.385710381,-2.851748473,4.96916734075,0.142532786606,0.989016387294,-0.00385525456117,-0.0389374808907,0.0401459285885,-0.640868163628,0.00923855120358,0.0,0.0,0.0
1609056124916524000,1015,1609056124916524000,-3.3825757785,-2.9172979815,4.96949508155,0.132565161104,0.990492180521,-0.00495356213829,-0.0364304901259,0.0742210285904,-0.639420085656,-0.000147403542503,0.0,0.0,0.0
1609056125016518000,1016,1609056125016518000,-3.37530546415,-2.98123801664,4.97043116792,0.122613709909,0.991859928888,-0.00883893927985,-0.0331908535753,0.105499853827,-0.627444235525,-0.00186413660024,0.0,0.0,0.0
1609056125116592000,1017,1609056125116592000,-3.36447299053,-3.04324079297,4.97188857504,0.112842905406,0.993111784557,-0.0109758112676,-0.0295802914234,0.124701047701,-0.610977763358,-0.00190815792709,0.0,0.0,0.0
1609056125216634000,1018,1609056125216634000,-3.35060604711,-3.1024704025,4.97180588772,0.103370351456,0.994213920161,-0.0125118003696,-0.026395193682,0.143801320325,-0.587595586637,-0.0073349471113,0.0,0.0,0.0
1609056125316675000,1019,1609056125316675000,-3.33434524384,-3.1613116074,4.96918597108,0.0940098202989,0.995231431515,-0.0128581683272,-0.0226101507932,0.157893258855,-0.564495245346,0.0091443422171,0.0,0.0,0.0
1609056125416748000,1020,1609056125416748000,-3.31464400191,-3.21368172056,4.96760816155,0.0848641146019,0.996098336272,-0.0119427637773,-0.0210607910945,0.170030025024,-0.538181400311,0.0183779204067,0.0,0.0,0.0
1609056125516680000,1021,1609056125516680000,-3.2969482965,-3.26833229802,4.96694266104,0.0756345680631,0.996891687355,-0.00757792192589,-0.0207111297747,0.174380789878,-0.517992349617,0.0414056252661,0.0,0.0,0.0
1609056125616772000,1022,1609056125616772000,-3.27875741934,-3.32123282048,4.96789636528,0.0663248231372,0.997561585822,-0.00471595550102,-0.0212051902039,0.182025011113,-0.513628364388,0.0259019746904,0.0,0.0,0.0
1609056125716748000,1023,1609056125716748000,-3.26161852407,-3.37645942521,4.96736940109,0.057022836986,0.998140059175,-0.00130399722059,-0.0215201747891,0.187757845814,-0.517089252486,0.0313130474264,0.0,0.0,0.0
1609056125816748000,1024,1609056125816748000,-3.2422882573,-3.42840124136,4.96779142534,0.0476051678917,0.998633194132,-0.00106009893114,-0.0215491939213,0.196028477988,-0.520501970474,0.033057251713,0.0,0.0,0.0
1609056125916789000,1025,1609056125916789000,-3.22145244336,-3.47972435232,4.96836447107,0.0382954558154,0.999012646631,-0.00210334810419,-0.0224224410171,0.207867375214,-0.520521377418,0.0472327564183,0.0,0.0,0.0
1609056126016838000,1026,1609056126016838000,-3.20025830168,-3.53142630253,4.97217534836,0.0292004700898,0.999339147175,-0.00463287658458,-0.0211456360723,0.22053215719,-0.518535214264,0.0468440728517,0.0,0.0,0.0
1609056126116876000,1027,1609056126116876000,-3.17752401363,-3.58232750594,4.97626674302,0.0203039520241,0.999574722289,-0.00856633336887,-0.0190982204899,0.22673005213,-0.501550781263,0.0485072205188,0.0,0.0,0.0
1609056126216898000,1028,1609056126216898000,-3.15331854361,-3.6315773065,4.98031738231,0.0114682782948,0.999710021431,-0.010638966909,-0.0183074855071,0.232557505842,-0.489521450606,0.0674118041299,0.0,0.0,0.0
1609056126316914000,1029,1609056126316914000,-3.12949142007,-3.6799320673,4.98608958632,0.00303820591114,0.999789602296,-0.0123655276811,-0.0160814853384,0.237994027151,-0.466231145503,0.0582914263657,0.0,0.0,0.0
1609056126416971000,1030,1609056126416971000,-3.10457966021,-3.72663408174,4.99256045653,-0.00526222049538,0.999800955958,-0.0088925315615,-0.0170669383385,0.236040272609,-0.447379656594,0.0884006334621,0.0,0.0,0.0
1609056126517166000,1031,1609056126517166000,-3.07951967823,-3.77389714461,5.00032521879,-0.0135993469648,0.999745128439,-0.00469314455137,-0.0173985723281,0.2438564583,-0.441962895989,0.0725704241409,0.0,0.0,0.0
1609056126617017000,1032,1609056126617017000,-3.0543353272,-3.81936569702,5.00502830277,-0.0217919188344,0.999627928878,-0.000264931890323,-0.0164026184161,0.252246153696,-0.446525259976,0.0453256734742,0.0,0.0,0.0
1609056126717020000,1033,1609056126717020000,-3.02783465893,-3.86789560432,5.00910495156,-0.0297020811624,0.999440615342,0.00373433845234,-0.0149096443603,0.247995014784,-0.456468010899,0.0760460717446,0.0,0.0,0.0
1609056126817040000,1034,1609056126817040000,-3.0005901787,-3.91664490063,5.01467163319,-0.0374320436358,0.999107084148,0.00832018663073,-0.0177384048999,0.25567509692,-0.478437124661,0.0646608220357,0.0,0.0,0.0
1609056126917098000,1035,1609056126917098000,-2.97177852931,-3.96779575529,5.01754617087,-0.0449276781637,0.998746929254,0.011013331773,-0.0190992555905,0.265926030994,-0.503707110491,0.044527579305,0.0,0.0,0.0
1609056127017138000,1036,1609056127017138000,-2.94299902384,-4.02060407616,5.0176382299,-0.0524335943341,0.998244252884,0.0180783564648,-0.0207918925635,0.281087343187,-0.53525640731,0.0128893993531,0.0,0.0,0.0
1609056127117142000,1037,1609056127117142000,-2.91477449148,-4.07539676438,5.01899806426,-0.0597995426465,0.997707346066,0.0243960454461,-0.0202212579402,0.295697914083,-0.586318557346,0.00460842175001,0.0,0.0,0.0
1609056127217175000,1038,1609056127217175000,-2.88174766356,-4.13946509702,5.01735368578,-0.0670647307258,0.997275837569,0.0245291513305,-0.0184809747976,0.31340172135,-0.650090450916,-0.000315020564464,0.0,0.0,0.0
1609056127317237000,1039,1609056127317237000,-2.84761852165,-4.21060752246,5.01886974985,-0.0746671381445,0.99672695219,0.0253536182413,-0.0178155915411,0.325159242928,-0.713214384993,0.00808562514631,0.0,0.0,0.0
1609056127417302000,1040,1609056127417302000,-2.81298965941,-4.28465568671,5.01883830275,-0.0826054211727,0.996162550559,0.0232247754286,-0.0172373740141,0.333729392232,-0.775076049623,0.0117997283469,0.0,0.0,0.0
1609056127517260000,1041,1609056127517260000,-2.77640327825,-4.37072223065,5.02198193857,-0.0908770212025,0.995550338978,0.0183371261756,-0.0168712590467,0.345690007323,-0.832313102287,0.0217104724839,0.0,0.0,0.0
1609056127617323000,1042,1609056127617323000,-2.74176881331,-4.45459389584,5.02337502969,-0.0993383697365,0.994835089291,0.0106798501465,-0.0179157532508,0.351928774273,-0.860289549344,0.0308713625631,0.0,0.0,0.0
1609056127717443000,1043,1609056127717443000,-2.70702774718,-4.53845165739,5.02327469388,-0.107867964117,0.993918744323,0.00621632668534,-0.0212459239281,0.360930455994,-0.879361046383,0.0403137542266,0.0,0.0,0.0
1609056127817305000,1044,1609056127817305000,-2.66877905656,-4.63021852252,5.02768701706,-0.116271293217,0.9928753329,0.000337855104732,-0.0260661762704,0.384946145874,-0.89417905123,0.0268370205204,0.0,0.0,0.0
1609056127917354000,1045,1609056127917354000,-2.63014570169,-4.71682116618,5.02901497332,-0.124558606269,0.991789088136,-0.0029858385548,-0.0288208783279,0.411182111881,-0.889860749709,0.00465369137526,0.0,0.0,0.0
1609056128017401000,1046,1609056128017401000,-2.58851096876,-4.80528765684,5.02955028237,-0.132773003549,0.990713472941,-0.00616107470683,-0.0286388760411,0.443399170546,-0.889460591767,0.00105279870247,0.0,0.0,0.0
1609056128117424000,1047,1609056128117424000,-2.54519687368,-4.89070141454,5.03083370394,-0.141011038873,0.989535403518,-0.00775570743619,-0.0295875159966,0.46599225162,-0.872211524803,0.0233666615582,0.0,0.0,0.0
1609056128217463000,1048,1609056128217463000,-2.49831584622,-4.97670288061,5.0330663427,-0.148917614173,0.988368754095,-0.00563244386796,-0.0303154365482,0.490787253271,-0.858134140096,0.0313002039734,0.0,0.0,0.0
1609056128317483000,1049,1609056128317483000,-2.44804778892,-5.06290358943,5.03610490068,-0.156281499741,0.987240381531,-0.00712506246831,-0.0296943664395,0.521574929548,-0.844562963951,0.0219931420613,0.0,0.0,0.0
1609056128417512000,1050,1609056128417512000,-2.3944272996,-5.14679378611,5.03800424334,-0.16309542044,0.986225259921,-0.00779790046115,-0.0264350765793,0.550803782604,-0.83288562924,-0.00250567456918,0.0,0.0,0.0
1609056128517601000,1051,1609056128517601000,-2.33757798548,-5.23030364873,5.03811077834,-0.169722204693,0.985241111639,-0.0074681194851,-0.0209416418345,0.568244464998,-0.819631621546,-0.0305978800169,0.0,0.0,0.0
1609056128617644000,1052,1609056128617644000,-2.27924461326,-5.3124804761,5.03630052012,-0.176057876858,0.984226436048,-0.0103422716726,-0.0139636670137,0.576061605402,-0.815272696259,-0.032070029364,0.0,0.0,0.0
1609056128717625000,1053,1609056128717625000,-2.22010458416,-5.39554952741,5.03604845709,-0.182346134455,0.983114798908,-0.013183738549,-0.00783380214515,0.570035807977,-0.806467021999,-0.0319132385431,0.0,0.0,0.0
1609056128817883000,1054,1609056128817883000,-2.1638118052,-5.47135282258,5.03434166172,-0.18849846051,0.98196265081,-0.0145289116969,-0.00256778580796,0.54394170982,-0.780737123926,-0.032748808603,0.0,0.0,0.0
1609056128917688000,1055,1609056128917688000,-2.11071997812,-5.54543654561,5.03070183875,-0.19419812426,0.980816244072,-0.0169015302793,0.000960298655985,0.508509794619,-0.76268258296,-0.0205983946695,0.0,0.0,0.0
1609056129017713000,1056,1609056129017713000,-2.06278373656,-5.61444777141,5.02606373487,-0.200057146944,0.979618605818,-0.0179735834451,0.00121465645582,0.470334331303,-0.736034319471,-0.0263550662171,0.0,0.0,0.0
1609056129117749000,1057,1609056129117749000,-2.01727049477,-5.68421831775,5.022190787,-0.205912292187,0.97839881216,-0.0182867270923,0.00121979593806,0.434627432532,-0.712831429783,-0.0174435949162,0.0,0.0,0.0
1609056129217725000,1058,1609056129217725000,-1.97509338338,-5.75594054527,5.02025174601,-0.211975735869,0.977107546019,-0.0179857555273,0.00190879921312,0.400162915957,-0.693205077719,-0.0341040887947,0.0,0.0,0.0
1609056129317806000,1059,1609056129317806000,-1.93664140316,-5.82416757665,5.01501081034,-0.21812136778,0.97576589259,-0.0170140165468,0.00380985791973,0.357006484283,-0.680249092545,-0.0125339912444,0.0,0.0,0.0
1609056129417781000,1060,1609056129417781000,-1.90468099118,-5.88849946482,5.01303012082,-0.224880096453,0.974270976169,-0.0149817140363,-0.000745290381626,0.312671909175,-0.666329333017,0.0265810773887,0.0,0.0,0.0
1609056129517833000,1061,1609056129517833000,-1.87565498943,-5.95186000056,5.01072552689,-0.231906822272,0.972642579391,-0.0120765148461,-0.0063084331836,0.292925761276,-0.658798417063,0.0063261187656,0.0,0.0,0.0
1609056129617927000,1062,1609056129617927000,-1.85021163875,-6.01373620384,5.00846248426,-0.239283451896,0.970857338441,-0.00968713891601,-0.00925296623078,0.277196170645,-0.64737134379,-0.00863248347824,0.0,0.0,0.0
1609056129717956000,1063,1609056129717956000,-1.8257537292,-6.07601338117,5.00743440614,-0.246594357336,0.969004141197,-0.0108958854315,-0.0101723622381,0.266109010868,-0.646489446182,0.00494876340672,0.0,0.0,0.0
1609056129818000000,1064,1609056129818000000,-1.80116867529,-6.13550234122,5.00701861818,-0.253943436972,0.967085348588,-0.00826346204143,-0.0137976287988,0.256414826231,-0.635251431483,0.00830660249417,0.0,0.0,0.0
1609056129918068000,1065,1609056129918068000,-1.77289293756,-6.20033379357,5.00626636614,-0.261514258611,0.965044797028,-0.00502028071,-0.0165417367347,0.262233313358,-0.635440444566,-0.00996532829649,0.0,0.0,0.0
1609056130017988000,1066,1609056130017988000,-1.74421695088,-6.26814106468,5.00460258354,-0.269090844894,0.962930258766,-0.00311622083974,-0.0185936310261,0.274680893033,-0.643695989597,-0.0400969119541,0.0,0.0,0.0
1609056130118011000,1067,1609056130118011000,-1.71246304451,-6.33767996317,5.00344166362,-0.276986920676,0.96068857302,-0.00217211529863,-0.0187348167218,0.290658303828,-0.655231490015,-0.0481663717723,0.0,0.0,0.0
1609056130218025000,1068,1609056130218025000,-1.68161031413,-6.40243675344,5.00092189262,-0.2857940769,0.958106246788,-0.00312234831193,-0.0185584594194,0.310117956555,-0.66733181725,-0.0399316001523,0.0,0.0,0.0
1609056130318062000,1069,1609056130318062000,-1.6474667198,-6.47127007893,4.99739893549,-0.29464736834,0.955430936415,-0.00438126640175,-0.0177611535756,0.326368217183,-0.673107681837,-0.0484161311303,0.0,0.0,0.0
1609056130418085000,1070,1609056130418085000,-1.6111083248,-6.54331004271,4.99567980624,-0.303103715825,0.952771004081,-0.00955408425079,-0.0162564052016,0.335618887467,-0.674883131484,-0.0295693245873,0.0,0.0,0.0
1609056130518126000,1071,1609056130518126000,-1.5777579089,-6.60910725136,4.99263103897,-0.311161251753,0.950159435535,-0.012395945132,-0.01490177894,0.337983991082,-0.66593744607,-0.0280151452547,0.0,0.0,0.0
1609056130618139000,1072,1609056130618139000,-1.54622433659,-6.67237859144,4.98790279385,-0.31911556436,0.947497318012,-0.0142925726156,-0.0144848649357,0.332027959228,-0.650053980833,-0.0114693738729,0.0,0.0,0.0
1609056130718288000,1073,1609056130718288000,-1.51262283859,-6.7400282483,4.98598106343,-0.327024465072,0.944730790219,-0.0160979207627,-0.0167209510399,0.326696424096,-0.636427433646,0.0126928023926,0.0,0.0,0.0
1609056130818243000,1074,1609056130818243000,-1.47866329232,-6.80769807889,4.98585336786,-0.335085309863,0.941806981535,-0.0171768603775,-0.0205523749052,0.338483891432,-0.631980890799,0.00617562873179,0.0,0.0,0.0
1609056130918325000,1075,1609056130918325000,-1.44734253751,-6.86733330597,4.98462260154,-0.343152023776,0.938805706308,-0.0180562239011,-0.0237593594245,0.338033401914,-0.599602351241,0.0110982385909,0.0,0.0,0.0
1609056131018385000,1076,1609056131018385000,-1.41483828283,-6.92390804754,4.98396338331,-0.351180904785,0.935753885989,-0.0176206030165,-0.0269471950295,0.3527004461,-0.572502062468,-0.0027695796503,0.0,0.0,0.0
1609056131118298000,1077,1609056131118298000,-1.37998930835,-6.97687623291,4.98330459565,-0.359121186815,0.932764309902,-0.0175843118991,-0.02595201976,0.379010202109,-0.546164792367,-0.0247472386125,0.0,0.0,0.0
1609056131218341000,1078,1609056131218341000,-1.34304517362,-7.02644247971,4.98299652787,-0.367330171522,0.929663212421,-0.0174116027954,-0.022174143709,0.389255084766,-0.515135607607,-0.0321024135501,0.0,0.0,0.0
1609056131318389000,1079,1609056131318389000,-1.30685794845,-7.06943602739,4.98139846542,-0.375994964687,0.926290565694,-0.0146426254101,-0.0199791880861,0.392599743274,-0.48727735584,-0.0170393335471,0.0,0.0,0.0
1609056131418379000,1080,1609056131418379000,-1.26629460894,-7.11647675109,4.98100376688,-0.384959363831,0.922667707423,-0.0131566360504,-0.0178183278064,0.405462918074,-0.47790309904,-0.00777505025335,0.0,0.0,0.0
1609056131518410000,1081,1609056131518410000,-1.22608989899,-7.16128882718,4.98025863146,-0.39416763827,0.918809688992,-0.0117865643984,-0.0167840773823,0.406811179696,-0.463889587189,0.00422331459677,0.0,0.0,0.0
1609056131618478000,1082,1609056131618478000,-1.1844647833,-7.2073261469,4.9800676659,-0.403319914731,0.914837141898,-0.0107309008422,-0.0170557307915,0.412842210404,-0.458593180301,0.0260996714778,0.0,0.0,0.0
1609056131718475000,1083,1609056131718475000,-1.14180182234,-7.25131144616,4.98107704133,-0.412055989373,0.910871143517,-0.0128591343845,-0.0189278681406,0.416813479403,-0.441330171563,0.0296177046119,0.0,0.0,0.0
1609056131818585000,1084,1609056131818585000,-1.09922483669,-7.29489359473,4.98165170993,-0.420555490699,0.906900275069,-0.0153635320656,-0.0207106785525,0.425342066805,-0.426248804321,0.0106560660869,0.0,0.0,0.0
1609056131918603000,1085,1609056131918603000,-1.05476409953,-7.34149739818,4.98088226104,-0.428930547489,0.90293339735,-0.0162395537338,-0.0215903283047,0.429540324558,-0.404760134919,-0.00852521774593,0.0,0.0,0.0
1609056132018657000,1086,1609056132018657000,-1.01061922787,-7.38644481947,4.97897181903,-0.436944760323,0.899072057991,-0.0164434124811,-0.0218706458855,0.437327487949,-0.38894328238,0.0173358734148,0.0,0.0,0.0
1609056132118705000,1087,1609056132118705000,-0.967458184017,-7.42678398703,4.97711404497,-0.445167845627,0.895013393753,-0.0170664848426,-0.0220306449872,0.441420679601,-0.368690056311,0.0198246692465,0.0,0.0,0.0
1609056132218637000,1088,1609056132218637000,-0.922755977166,-7.4674026185,4.97604021881,-0.453099914033,0.891009272391,-0.0163538117932,-0.0231408136306,0.443215883358,-0.343514982088,0.0188156931033,0.0,0.0,0.0
1609056132318677000,1089,1609056132318677000,-0.876205527014,-7.50547381831,4.97683622299,-0.460865090958,0.887018488667,-0.0156871546494,-0.0235686630427,0.456020139171,-0.327222978081,0.0172126573907,0.0,0.0,0.0
1609056132418674000,1090,1609056132418674000,-0.8295740113,-7.53876187529,4.97806422483,-0.468559751761,0.882919187438,-0.0152997963155,-0.0259110732285,0.46846552197,-0.305234895933,0.00931835737279,0.0,0.0,0.0
1609056132518720000,1091,1609056132518720000,-0.781474739613,-7.57316507007,4.9778229902,-0.47667526841,0.878562502281,-0.0147813626614,-0.0262703138609,0.486255874279,-0.2842365876,0.000809181975278,0.0,0.0,0.0
1609056132618758000,1092,1609056132618758000,-0.730344723315,-7.60681669659,4.97870400608,-0.484971008387,0.874020977842,-0.0141702883489,-0.0262612688952,0.505347154967,-0.266200456561,-0.00193388326985,0.0,0.0,0.0
1609056132718806000,1093,1609056132718806000,-0.679219555306,-7.63251649531,4.98068810725,-0.493293339315,0.869300345419,-0.0119172724349,-0.0289235105051,0.53177173759,-0.244029829025,-0.00180192742913,0.0,0.0,0.0
1609056132818854000,1094,1609056132818854000,-0.625645115917,-7.65544784374,4.98193987715,-0.501501796935,0.864581970294,-0.011187454947,-0.0294755011111,0.558788430964,-0.219859319494,0.00190793170841,0.0,0.0,0.0
1609056132918885000,1095,1609056132918885000,-0.56942152284,-7.67720847966,4.9817570825,-0.50958919443,0.859861291593,-0.0117683992419,-0.0286167244871,0.582815656634,-0.198439101887,0.00851864666368,0.0,0.0,0.0
1609056133018924000,1096,1609056133018924000,-0.50839869859,-7.69991168808,4.98322961692,-0.517755646725,0.854998181442,-0.0111545907426,-0.0279781186115,0.608961555525,-0.178629644375,0.000581135058232,0.0,0.0,0.0
1609056133118964000,1097,1609056133118964000,-0.446504219215,-7.71771131978,4.98312830716,-0.525748393216,0.850232987881,-0.0106177096415,-0.0240781558961,0.623096136158,-0.160543732919,-0.0103832057268,0.0,0.0,0.0
1609056133218992000,1098,1609056133218992000,-0.380682764678,-7.73767924475,4.98449481097,-0.533693881726,0.845334568415,-0.00757768188312,-0.0228667179339,0.644453767228,-0.153034952412,0.00591489105507,0.0,0.0,0.0
1609056133318965000,1099,1609056133318965000,-0.315350600383,-7.75418552657,4.98588129217,-0.541902046631,0.840124924985,-0.00634566478172,-0.0221814069855,0.655261061608,-0.147305636316,0.00485594451206,0.0,0.0,0.0
1609056133419015000,1100,1609056133419015000,-0.247664470102,-7.77147867487,4.98563829345,-0.550208448256,0.834648772924,-0.00306857716648,-0.0249534197821,0.680995255486,-0.14672828501,-0.0152789122003,0.0,0.0,0.0
1609056133519034000,1101,1609056133519034000,-0.176939149973,-7.78975785361,4.98233662964,-0.558604058438,0.829001883885,-0.00268686965592,-0.0266488863608,0.712566902238,-0.149457616612,-0.0283675545297,0.0,0.0,0.0
1609056133619055000,1102,1609056133619055000,-0.103667730552,-7.80833126393,4.97663996085,-0.567095750721,0.823153958986,-0.00312829224959,-0.0284637156283,0.737451315931,-0.146124441022,-0.0307719862088,0.0,0.0,0.0
1609056133719538000,1103,1609056133719538000,-0.0255953749101,-7.82777750981,4.97059942439,-0.575509696273,0.817232794788,-0.00539175807783,-0.0298341677243,0.776623698826,-0.143119450035,-0.0285589737815,0.0,0.0,0.0
1609056133819162000,1104,1609056133819162000,0.0565551110548,-7.84589819031,4.96613267752,-0.583659935172,0.811459151494,-0.00818345429345,-0.0284280954088,0.816905712035,-0.130412686756,-0.0527548634944,0.0,0.0,0.0
1609056133919240000,1105,1609056133919240000,0.143303779355,-7.86330363266,4.96102192956,-0.591584008811,0.805772547198,-0.0109486011571,-0.0252802459201,0.835873271058,-0.113808320636,-0.0764512565114,0.0,0.0,0.0
1609056134019275000,1106,1609056134019275000,0.231691544392,-7.87933209755,4.95346301018,-0.599405809777,0.800082087039,-0.0121284102054,-0.0208382070121,0.854905906113,-0.103618750279,-0.0754715103272,0.0,0.0,0.0
1609056134119281000,1107,1609056134119281000,0.320531622737,-7.89381751014,4.94640625408,-0.60712994004,0.794263439554,-0.0149611060372,-0.0177479520428,0.86427223768,-0.0932822644656,-0.0642241281558,0.0,0.0,0.0
1609056134219298000,1108,1609056134219298000,0.409531858921,-7.90623038925,4.94184321606,-0.61465356557,0.788412350779,-0.0164803228645,-0.0183127941633,0.865389935917,-0.0803846989713,-0.0330933109577,0.0,0.0,0.0
1609056134319419000,1109,1609056134319419000,0.499967808524,-7.91712933006,4.94028260509,-0.622220748592,0.782412157084,-0.0180781324986,-0.0185940203931,0.873570106514,-0.0615470469699,-0.0332220201892,0.0,0.0,0.0
1609056134419326000,1110,1609056134419326000,0.587447234441,-7.92371089705,4.93809203037,-0.629903667505,0.776219620519,-0.0183244195551,-0.019201198743,0.877585980856,-0.0405197706948,-0.0290335597092,0.0,0.0,0.0
1609056134519389000,1111,1609056134519389000,0.674804590357,-7.92713109693,4.93542582416,-0.637508015234,0.769966480382,-0.0200033129328,-0.018303471577,0.869366091859,-0.0117569437992,-0.023585335608,0.0,0.0,0.0
1609056134619770000,1112,1609056134619770000,0.761963433345,-7.92633859056,4.93505758742,-0.644843957053,0.763852457943,-0.0210882489824,-0.0161548538368,0.860832555367,0.0195147555475,-0.0214586518566,0.0,0.0,0.0
1609056134719400000,1113,1609056134719400000,0.845308143166,-7.92120058329,4.93537077285,-0.651917055171,0.757861205608,-0.0206840585188,-0.0149236702673,0.843536344498,0.047560931012,-0.020958831826,0.0,0.0,0.0
1609056134819441000,1114,1609056134819441000,0.926398929744,-7.913883864,4.93282638848,-0.659035894605,0.75174210418,-0.0197427272239,-0.0128733502772,0.824976808253,0.0733670502716,-0.0202322975592,0.0,0.0,0.0
1609056134919455000,1115,1609056134919455000,1.00979574856,-7.90616891072,4.93042252697,-0.666188442866,0.745432995813,-0.0180555689625,-0.0140215467745,0.819623301827,0.088034284312,-0.0116352393728,0.0,0.0,0.0
1609056135019493000,1116,1609056135019493000,1.09311662276,-7.89846286974,4.92722951841,-0.673456821303,0.738823315625,-0.0182105178782,-0.0162602327243,0.815369751018,0.108061424331,-0.0257773140869,0.0,0.0,0.0
1609056135119583000,1117,1609056135119583000,1.1747898045,-7.88677768002,4.9239146588,-0.680906596585,0.731965943208,-0.0188268027925,-0.015414804784,0.810779625863,0.135837209602,-0.0382938618682,0.0,0.0,0.0
1609056135219579000,1118,1609056135219579000,1.25570777628,-7.87315315624,4.91992365726,-0.688326664404,0.724977628179,-0.0185430128836,-0.0164316275402,0.802283230922,0.160284361662,-0.034150343744,0.0,0.0,0.0
1609056135319865000,1119,1609056135319865000,1.33595238815,-7.85693374858,4.91564630853,-0.695547465371,0.718054203866,-0.0172602385578,-0.0177191391324,0.795839365787,0.185591661251,-0.046604404267,0.0,0.0,0.0
1609056135419618000,1120,1609056135419618000,1.41550709891,-7.83769980548,4.91146907664,-0.70270112319,0.711084333189,-0.0143236410109,-0.0191059118775,0.80096822538,0.212844301052,-0.0562733724503,0.0,0.0,0.0
1609056135519640000,1121,1609056135519640000,1.49416755639,-7.81458527054,4.90786257114,0.709780262098,-0.704056311613,0.0127711325806,0.0188039300863,0.806887899527,0.235546901905,-0.0385747216813,0.0,0.0,0.0
1609056135620019000,1122,1609056135620019000,1.57645656285,-7.79084284695,4.90497671212,0.716841581566,-0.69690734564,0.0131731844975,0.0168750034302,0.814674202021,0.256613645047,-0.0156467625321,0.0,0.0,0.0
1609056135719652000,1123,1609056135719652000,1.66007828842,-7.76586755171,4.90339602809,0.723712486591,-0.689794404169,0.0124455707587,0.0164019662901,0.818510787058,0.273780099986,-0.00989168079019,0.0,0.0,0.0
1609056135819675000,1124,1609056135819675000,1.74471460365,-7.73930021101,4.90156660492,0.730521912761,-0.682584613674,0.0129905880083,0.0157233830358,0.825924469537,0.288748691982,-0.00375139743998,0.0,0.0,0.0
1609056135919721000,1125,1609056135919721000,1.83108905137,-7.71111307124,4.90092994989,0.737138786612,-0.675427872523,0.0149404536374,0.0141556044094,0.827433464716,0.30797068993,0.0018810326723,0.0,0.0,0.0
1609056136020205000,1126,1609056136020205000,1.91811889558,-7.68088955022,4.90013852019,0.74379351419,-0.668091441602,0.0159395785514,0.0130753104211,0.832498469185,0.326665600289,0.00826320159639,0.0,0.0,0.0
1609056136119874000,1127,1609056136119874000,2.002234549,-7.64877078134,4.89976115639,0.750272215289,-0.660800527409,0.0165801403966,0.0126239805927,0.821203049816,0.340614248807,-0.00449358261558,0.0,0.0,0.0
1609056136219892000,1128,1609056136219892000,2.08588825398,-7.61483570984,4.89921930208,0.756772566506,-0.653352860197,0.0155530375348,0.0135434736785,0.815316942728,0.35769615599,-0.00741070226455,0.0,0.0,0.0
1609056136320087000,1129,1609056136320087000,2.16792838979,-7.57871363428,4.89822763475,0.763408755953,-0.645551607756,0.0149422431638,0.0157137655117,0.811339314645,0.377257902302,-0.00162632115616,0.0,0.0,0.0
1609056136419931000,1130,1609056136419931000,2.25031713303,-7.54101268375,4.89580628412,0.770019013721,-0.63762008109,0.0146487886794,0.0172268305012,0.8123101949,0.401290553064,-0.000557257692787,0.0,0.0,0.0
1609056136519982000,1131,1609056136519982000,2.33548571029,-7.50109536898,4.89528073237,0.776484628729,-0.629756491029,0.0125354214221,0.0179233525096,0.81596267874,0.424286005863,-0.0143784425431,0.0,0.0,0.0
1609056136619946000,1132,1609056136619946000,2.41538402717,-7.45774228411,4.89445731435,0.7828036897,-0.621955688965,0.0107681700433,0.0165393733468,0.815221990656,0.445401902113,-0.0303259602786,0.0,0.0,0.0
1609056136720006000,1133,1609056136720006000,2.49557881051,-7.41184380382,4.89146944426,0.78898112556,-0.614138267651,0.00934860195912,0.0159867244181,0.822357915089,0.459048912285,-0.0202825148452,0.0,0.0,0.0
1609056136820321000,1134,1609056136820321000,2.58276806699,-7.36553930648,4.89044158428,0.795130224061,-0.606104760582,0.00983595987296,0.0175556224039,0.837345452538,0.476168217085,0.0136443826385,0.0,0.0,0.0
1609056136920036000,1135,1609056136920036000,2.66760637182,-7.31757971849,4.89109966196,0.801025620693,-0.598269438701,0.0106930174397,0.0178127226534,0.842082873295,0.494343909286,0.0238762908577,0.0,0.0,0.0
1609056137020276000,1136,1609056137020276000,2.75059742434,-7.26631050656,4.89319561922,0.806538725251,-0.5907684133,0.0110255063054,0.0191417012955,0.847210948241,0.519424547535,0.0454285083275,0.0,0.0,0.0
1609056137120469000,1137,1609056137120469000,2.83404540862,-7.21216490214,4.89782054766,0.811757365133,-0.583568895575,0.011163605731,0.0193053924015,0.852116715745,0.545425394605,0.0549628654843,0.0,0.0,0.0
1609056137220326000,1138,1609056137220326000,2.91720203787,-7.15556440082,4.90182798199,0.81684014363,-0.576457995155,0.0115757675555,0.0182855457083,0.861274548934,0.570889432538,0.0345700618473,0.0,0.0,0.0
1609056137320619000,1139,1609056137320619000,2.99967323305,-7.09589060094,4.90456580041,0.821929257088,-0.569248784152,0.0106246497565,0.0165902050092,0.862925561261,0.593894473122,0.0277663337266,0.0,0.0,0.0
1609056137420266000,1140,1609056137420266000,3.08534694122,-7.03400226504,4.9111830445,0.826995193727,-0.561859740764,0.0107900117248,0.0166179694335,0.871950642152,0.614077717533,0.126669407623,0.0,0.0,0.0
1609056137520262000,1141,1609056137520262000,3.17432916439,-6.97130484051,4.92221403442,0.832024114242,-0.554374450389,0.0127254198682,0.0155854343521,0.876967503128,0.632652312883,0.128647225194,0.0,0.0,0.0
1609056137620273000,1142,1609056137620273000,3.26098456195,-6.90619281354,4.93178008243,0.837043262483,-0.546748486248,0.0147480000925,0.0143932626602,0.876708980654,0.655291558156,0.104047558134,0.0,0.0,0.0
1609056137720373000,1143,1609056137720373000,3.3490221474,-6.83863478505,4.9418323621,0.842050570679,-0.539051016944,0.0151958189579,0.0119968594578,0.866353762556,0.67607067693,0.085408702531,0.0,0.0,0.0
1609056137820559000,1144,1609056137820559000,3.43280140468,-6.77156227633,4.95220418442,0.847011660302,-0.531339260558,0.0124115576036,0.00978727443145,0.853163606131,0.686749941538,0.0798025033221,0.0,0.0,0.0
1609056137920308000,1145,1609056137920308000,3.50942717595,-6.70453746478,4.96139467729,0.851859017351,-0.523642667765,0.00986603662265,0.00610183366152,0.846856131957,0.693979600728,0.0900105470162,0.0,0.0,0.0
1609056138020379000,1146,1609056138020379000,3.59148724228,-6.63425132215,4.97043401187,0.856650571321,-0.515799899761,0.00900579131455,0.00437696081256,0.840424018946,0.688841184791,0.105294140458,0.0,0.0,0.0
1609056138120561000,1147,1609056138120561000,3.67429427288,-6.56318204467,4.97967979261,0.861463620542,-0.507714572709,0.00938620091666,0.00427110919672,0.838128989202,0.690035295475,0.0941541134867,0.0,0.0,0.0
1609056138220721000,1148,1609056138220721000,3.75739787864,-6.49204555122,4.98662072511,0.866177641531,-0.499586196005,0.0116903687904,0.00364161380457,0.828614818799,0.687378792759,0.078266189923,0.0,0.0,0.0
1609056138320452000,1149,1609056138320452000,3.8393842902,-6.42191135175,4.99040404165,0.870766959763,-0.491520391731,0.0126486128571,0.00355230764987,0.816693968285,0.692932731741,0.0377821322626,0.0,0.0,0.0
1609056138420491000,1150,1609056138420491000,3.92719860564,-6.34845969437,4.99461259666,0.875172481849,-0.483638555904,0.0128766036542,0.00103311910024,0.808633532774,0.694268054408,0.00174801580245,0.0,0.0,0.0
1609056138520837000,1151,1609056138520837000,4.00269338998,-6.27987267526,4.99530286802,0.879455408747,-0.475824726877,0.0122070892288,-1.70618795775e-05,0.789601196731,0.679991961415,-0.00327542218793,0.0,0.0,0.0
1609056138620576000,1152,1609056138620576000,4.08168029782,-6.21053017273,4.99604034936,0.883725652078,-0.467838558947,0.0124921823986,7.44458477599e-07,0.778414727511,0.673864449805,-0.0226218683934,0.0,0.0,0.0
1609056138720613000,1153,1609056138720613000,4.15470961392,-6.14408047324,4.99202314146,0.888345133306,-0.459039067132,0.0106768301827,0.00347336663031,0.775058738766,0.673222359831,-0.0384302136844,0.0,0.0,0.0
1609056138820993000,1154,1609056138820993000,4.23186438972,-6.07587461282,4.98617931193,0.893224780726,-0.449438705112,0.0109055448048,0.00595067529372,0.777793269038,0.677805293779,-0.0491940598926,0.0,0.0,0.0
1609056138920635000,1155,1609056138920635000,4.31040981363,-6.00789286517,4.9804981963,0.89837352573,-0.438985638098,0.0120298836042,0.008479369777,0.781931130506,0.690795873789,-0.0671681162598,0.0,0.0,0.0
1609056139021145000,1156,1609056139021145000,4.39005061786,-5.93710102101,4.97444862807,0.904184457292,-0.426808818821,0.0136825744806,0.00987352642204,0.79840681903,0.721498075636,-0.0807502268698,0.0,0.0,0.0
1609056139120660000,1157,1609056139120660000,4.46324275379,-5.86760135571,4.9663295746,0.910817651417,-0.412405356551,0.01516268306,0.010154841111,0.786278777841,0.738507446042,-0.105164950541,0.0,0.0,0.0
1609056139220710000,1158,1609056139220710000,4.54421129369,-5.79034323388,4.95723803859,0.917372395112,-0.397575019828,0.0161627773611,0.0100377748375,0.783236373186,0.763093261184,-0.0958702829794,0.0,0.0,0.0
1609056139320721000,1159,1609056139320721000,4.61830332821,-5.71593764703,4.94886594644,0.923440392284,-0.383235413496,0.0167598786355,0.0103714130604,0.765754988645,0.77783728117,-0.0906865178018,0.0,0.0,0.0
1609056139420771000,1160,1609056139420771000,4.69342173311,-5.63898772881,4.9394966997,0.929053914183,-0.369465688738,0.0159685225346,0.00994664141884,0.75460869758,0.796152247456,-0.0922085427274,0.0,0.0,0.0
1609056139521056000,1161,1609056139521056000,4.77601416847,-5.55435466621,4.93028731251,0.934455365699,-0.355636881013,0.0156142919973,0.00847185136907,0.761376107911,0.822367610417,-0.0779777750715,0.0,0.0,0.0
1609056139620821000,1162,1609056139620821000,4.85552210534,-5.46996320144,4.92172152251,0.939625526543,-0.341699097078,0.0168708407553,0.0078084349796,0.759823942223,0.845772787756,-0.105395682354,0.0,0.0,0.0
1609056139720924000,1163,1609056139720924000,4.92572263547,-5.38957096087,4.90917442642,0.944736244333,-0.327241689812,0.0177133146183,0.00851725179246,0.74600580272,0.866854341544,-0.125450932625,0.0,0.0,0.0
1609056139820918000,1164,1609056139820918000,5.00418750349,-5.29888255509,4.89562342361,0.949709740189,-0.312411359885,0.0183545512276,0.0106612407482,0.739453253902,0.898948501877,-0.131693686065,0.0,0.0,0.0
1609056139921093000,1165,1609056139921093000,5.07450751391,-5.2099250478,4.88196112943,0.954437503072,-0.297558875315,0.01862612106,0.0126821159536,0.723368904196,0.926585990794,-0.13219893904,0.0,0.0,0.0
1609056140020939000,1166,1609056140020939000,5.14712922973,-5.1135232411,4.868444842,0.958867072077,-0.282869675613,0.01902048343,0.0140323168208,0.713831490338,0.970585186267,-0.14479916281,0.0,0.0,0.0
1609056140120967000,1167,1609056140120967000,5.20966874942,-5.01987122097,4.85392235319,0.963053734389,-0.268158773644,0.0201899155699,0.0145170281452,0.695169528385,1.01219774158,-0.137841002617,0.0,0.0,0.0
1609056140221049000,1168,1609056140221049000,5.28261990899,-4.91121366767,4.83940986142,0.966975926132,-0.253637398578,0.0229479235097,0.00995093613459,0.679322310447,1.05361565816,-0.137739343351,0.0,0.0,0.0
1609056140321055000,1169,1609056140321055000,5.3430386426,-4.80868312994,4.82566340484,0.97061007592,-0.23929444378,0.0247261333757,0.00654736793239,0.644052680106,1.07845520458,-0.149594696932,0.0,0.0,0.0
1609056140421042000,1170,1609056140421042000,5.40469801295,-4.69976496009,4.80998929666,0.973917422165,-0.225388772718,0.0258214431079,0.00424370257127,0.613272741027,1.10306974789,-0.153251771713,0.0,0.0,0.0
1609056140521091000,1171,1609056140521091000,5.46825581915,-4.58283773766,4.79482558166,0.976986324968,-0.211443857997,0.0280207034157,0.0020139316694,0.58221740751,1.13374586769,-0.142101472674,0.0,0.0,0.0
1609056140621165000,1172,1609056140621165000,5.52148799526,-4.47003970771,4.78111048606,0.979807991815,-0.197777627933,0.0292925268692,-0.00150230962779,0.538791052014,1.15026804159,-0.146573699862,0.0,0.0,0.0
1609056140721182000,1173,1609056140721182000,5.57006646373,-4.35523061753,4.76765006401,0.982367084568,-0.184550059007,0.0293621402027,-0.00583537490262,0.490781156189,1.15455518561,-0.136228074897,0.0,0.0,0.0
1609056140821250000,1174,1609056140821250000,5.61131916455,-4.2429087196,4.75402911423,0.984671141891,-0.171832271079,0.0287357194134,-0.00840662669869,0.445585240548,1.15304852987,-0.130784656119,0.0,0.0,0.0
1609056140921536000,1175,1609056140921536000,5.64658118975,-4.13281459641,4.74192809698,0.98678978409,-0.159112842202,0.0294379418513,-0.00790145824319,0.394374393838,1.14349467377,-0.10686838408,0.0,0.0,0.0
1609056141021482000,1176,1609056141021482000,5.67915128774,-4.02181183521,4.73201042214,0.988645475986,-0.146720193433,0.0315021345343,-0.00780532966164,0.345687136829,1.14070519651,-0.0876624641922,0.0,0.0,0.0
1609056141121384000,1177,1609056141121384000,5.71276540364,-3.90452420023,4.7233381085,0.990270100557,-0.134743793695,0.033507416709,-0.00930005537,0.296993855214,1.13329290164,-0.0827291240111,0.0,0.0,0.0
1609056141221589000,1178,1609056141221589000,5.7386513208,-3.79161506624,4.71471079882,0.99179034296,-0.123086211377,0.0336353053009,-0.00838846933443,0.240090266219,1.12520703649,-0.0852898026205,0.0,0.0,0.0
1609056141321353000,1179,1609056141321353000,5.7540328684,-3.68823769594,4.7073108409,0.993210926361,-0.11165015141,0.0316724743322,-0.00794693762609,0.187952416476,1.11521323096,-0.0796849931289,0.0,0.0,0.0
1609056141421341000,1180,1609056141421341000,5.76800770721,-3.57748263502,4.70060458527,0.99453652966,-0.0997983128229,0.0287859110647,-0.0104287704393,0.140002940145,1.11450743016,-0.0724401730122,0.0,0.0,0.0
1609056141521382000,1181,1609056141521382000,5.77594238161,-3.4705823347,4.69522585204,0.995720328121,-0.0876648765765,0.0265868903227,-0.0122079828177,0.0968221930589,1.10030557119,-0.0570607589313,0.0,0.0,0.0
1609056141621431000,1182,1609056141621431000,5.7785481749,-3.37036430025,4.68981638618,0.996722192348,-0.0753291251003,0.0257210306213,-0.0144507015561,0.0596998970967,1.07937048495,-0.0476543937305,0.0,0.0,0.0
1609056141721463000,1183,1609056141721463000,5.77982758816,-3.26789711497,4.6848397546,0.997517564986,-0.0629685499973,0.0258425615468,-0.0180507968838,0.0188819455783,1.05643732145,-0.0341576452647,0.0,0.0,0.0
1609056141821522000,1184,1609056141821522000,5.77876799937,-3.16466266776,4.68038163005,0.998227007292,-0.0504864152129,0.0253826310817,-0.0186998885129,-0.0160237139201,1.03244499627,-0.0184731946704,0.0,0.0,0.0
1609056141921582000,1185,1609056141921582000,5.77392798562,-3.06360370004,4.67663734498,0.998799720781,-0.0378752616284,0.0251529021813,-0.0182185025548,-0.0508727876722,1.00756020353,-0.0134580527943,0.0,0.0,0.0
1609056142021588000,1186,1609056142021588000,5.7658208606,-2.96428330909,4.67434647243,0.99919601411,-0.0252944780249,0.0241637120892,-0.0195864694834,-0.0867131850717,0.983843975769,-0.0209028150453,0.0,0.0,0.0
1609056142121633000,1187,1609056142121633000,5.75434991874,-2.86900954965,4.67218524985,0.99942501681,-0.0128986998141,0.0223543401178,-0.0219896065418,-0.11453846818,0.952260222476,-0.00627280338241,0.0,0.0,0.0
1609056142221628000,1188,1609056142221628000,5.74109189497,-2.77497895978,4.67130168383,0.999531817577,-0.000521095694897,0.0209871048136,-0.022257932137,-0.139535504624,0.919417950345,0.0024274114873,0.0,0.0,0.0
1609056142321629000,1189,1609056142321629000,5.72572640586,-2.684020179,4.67085534318,0.999435441006,0.0114852517694,0.0203658538607,-0.0241271682843,-0.157694152668,0.880409391844,0.0118099832515,0.0,0.0,0.0
1609056142421672000,1190,1609056142421672000,5.70927392776,-2.59585809319,4.67111173967,0.999271388532,0.0234142801465,0.0194024450444,-0.0230653132048,-0.178004485635,0.84396146528,0.00883353496376,0.0,0.0,0.0
1609056142521681000,1191,1609056142521681000,5.69100679447,-2.51130299284,4.67175130115,0.998962293774,0.0351713751449,0.0182226363886,-0.022477666946,-0.192919184681,0.814825277501,0.0207577813043,0.0,0.0,0.0
1609056142621731000,1192,1609056142621731000,5.6707089269,-2.42982611456,4.67415122653,0.998438485319,0.0474955288743,0.017887249717,-0.0233412096582,-0.207480758156,0.781304603782,0.0332216690735,0.0,0.0,0.0
1609056142721734000,1193,1609056142721734000,5.6493268045,-2.35431104753,4.67704097978,0.997778775961,0.0597073489155,0.0177876480361,-0.0235827543731,-0.221486884862,0.746318039541,0.0363222986965,0.0,0.0,0.0
1609056142821828000,1194,1609056142821828000,5.62727894058,-2.28186446884,4.6803303417,0.997018563509,0.071613724292,0.0182793726669,-0.0221658080535,-0.234043129905,0.713638078527,0.0394376687531,0.0,0.0,0.0
1609056142921836000,1195,1609056142921836000,5.60373269969,-2.21192942027,4.6842202653,0.996047136227,0.083567683327,0.0196820645067,-0.0227851059533,-0.245528836947,0.68416195911,0.0534978042751,0.0,0.0,0.0
1609056143021812000,1196,1609056143021812000,5.57981482055,-2.14844986632,4.68592215365,0.994861144647,0.0959752156408,0.0204510335775,-0.0249362402873,-0.259194018267,0.651107278747,0.0223482241447,0.0,0.0,0.0
1609056143121861000,1197,1609056143121861000,5.55668834139,-2.08423649556,4.68809682868,0.993610488162,0.108340918284,0.0200420472193,-0.0244695644418,-0.269837235909,0.614003543379,0.0480516654614,0.0,0.0,0.0
1609056143222044000,1198,1609056143222044000,5.53301726619,-2.0266498702,4.69229637539,0.992141678141,0.121119935002,0.0197208703162,-0.0244118642343,-0.279333143229,0.576968795394,0.0407120607617,0.0,0.0,0.0
1609056143321946000,1199,1609056143321946000,5.50807186522,-1.97173279476,4.69608577312,0.99044914764,0.134272834475,0.0192353317046,-0.024724357917,-0.284816026282,0.546691341135,0.0265092187074,0.0,0.0,0.0
1609056143421964000,1200,1609056143421964000,5.48235662982,-1.92157938665,4.69857097246,0.988550789117,0.147656244044,0.0204612189932,-0.0233732635234,-0.291733770888,0.508660744987,0.0308152770601,0.0,0.0,0.0
1609056143521952000,1201,1609056143521952000,5.45505344064,-1.87180649245,4.70064912081,0.986447368154,0.161007536644,0.0218981033453,-0.0227735828703,-0.303867735723,0.471445160696,0.0125347095016,0.0,0.0,0.0
1609056143622013000,1202,1609056143622013000,5.42647728779,-1.82603838525,4.70164255622,0.984218067206,0.174328886087,0.0226080821364,-0.020325114562,-0.317052864356,0.443238587821,0.0051290015737,0.0,0.0,0.0
1609056143722060000,1203,1609056143722060000,5.39564395717,-1.78241725999,4.70246067208,0.981720327654,0.188014722874,0.0226208630251,-0.0190777045369,-0.336110258253,0.422926664232,0.00104042734542,0.0,0.0,0.0
1609056143822107000,1204,1609056143822107000,5.36352616772,-1.74242892048,4.70166104666,0.978889230584,0.202446749535,0.0220685092004,-0.017440434369,-0.354116503478,0.401726072665,-0.0056533792012,0.0,0.0,0.0
1609056143922095000,1205,1609056143922095000,5.32830002887,-1.70112095226,4.70173330533,0.975821925336,0.217000184132,0.0212942841119,-0.0151341859762,-0.372315449158,0.382792143935,-0.000815439319345,0.0,0.0,0.0
1609056144022145000,1206,1609056144022145000,5.29291178015,-1.66582823501,4.70033721572,0.972486355719,0.231669165412,0.0210698660008,-0.0124798431289,-0.386417671558,0.362902976843,0.00407128880675,0.0,0.0,0.0
1609056144122183000,1207,1609056144122183000,5.25403638382,-1.62766215485,4.69976323067,0.969159802196,0.245502586949,0.0198699811266,-0.00793356534819,-0.402584758662,0.354334660353,-0.00414897230043,0.0,0.0,0.0
1609056144222228000,1208,1609056144222228000,5.21470894254,-1.59123249042,4.69826556211,0.965939891734,0.257922272093,0.0207659757319,-0.00223637371197,-0.412361042869,0.347182392588,0.00430963891552,0.0,0.0,0.0
1609056144322237000,1209,1609056144322237000,5.17235594815,-1.55069818707,4.69749389674,0.962738024325,0.26933491561,0.0237210756696,0.00561340552445,-0.437735038505,0.36869496212,0.0121113624168,0.0,0.0,0.0
1609056144422276000,1210,1609056144422276000,5.12728735102,-1.50939586865,4.69689636018,0.959512251178,0.280168302237,0.026228956176,0.0124098395575,-0.473283431822,0.395737103276,-0.00636945900345,0.0,0.0,0.0
1609056144522258000,1211,1609056144522258000,5.07770014574,-1.46550796567,4.69511448174,0.956470309629,0.290443069677,0.0239643286428,0.015266991435,-0.521581669394,0.440044641143,-0.0223649701611,0.0,0.0,0.0
1609056144622279000,1212,1609056144622279000,5.02332276612,-1.41780426439,4.69337735476,0.953933253557,0.299323409954,0.0162819081084,0.0123184203559,-0.549880734117,0.470262325601,-0.028260004347,0.0,0.0,0.0
1609056144722319000,1213,1609056144722319000,4.96751234018,-1.36679057892,4.69374891947,0.9517812846,0.306454471259,0.0108928483142,0.00891006101488,-0.557372671702,0.500812453317,-0.00553418301678,0.0,0.0,0.0
1609056144822397000,1214,1609056144822397000,4.91214231564,-1.31349345046,4.69451339803,0.95031785916,0.311164255273,0.00665550643895,0.00533638789072,-0.557423755254,0.523555997645,-0.015882679513,0.0,0.0,0.0
1609056144922388000,1215,1609056144922388000,4.85804784881,-1.25814864875,4.69478990605,0.949291891443,0.314354670995,0.00418938074639,0.00291457591763,-0.53913904775,0.541172270896,0.0049078122131,0.0,0.0,0.0
1609056145022443000,1216,1609056145022443000,4.80453891331,-1.20439322954,4.69318757055,0.948542810579,0.316580085088,0.00583154305993,0.00309504928157,-0.531040112344,0.557506159002,0.010905588628,0.0,0.0,0.0
1609056145122453000,1217,1609056145122453000,4.75129343373,-1.14372385666,4.69311033386,0.947941916877,0.318310160524,0.00833520579054,0.00391002284096,-0.532777236783,0.588910433306,0.0130024152501,0.0,0.0,0.0
1609056145222486000,1218,1609056145222486000,4.69692795263,-1.08324261307,4.69511561268,0.947483868352,0.319579859128,0.0118246927266,0.0017915062165,-0.535561175199,0.6074818186,0.0169756721036,0.0,0.0,0.0
1609056145322582000,1219,1609056145322582000,4.64184760066,-1.02022195765,4.69762380864,0.947320138179,0.320007585874,0.0133182715895,-0.00152460684085,-0.54805421729,0.619611006537,-0.00724155870146,0.0,0.0,0.0
1609056145422598000,1220,1609056145422598000,4.58887004311,-0.954353430098,4.69545811288,0.947305727676,0.320015334258,0.0130674222666,-0.00559344500892,-0.550717039966,0.627431166154,-0.0103740722381,0.0,0.0,0.0
1609056145522649000,1221,1609056145522649000,4.5316287631,-0.892635608433,4.69242229844,0.946658558345,0.32171706728,0.0155671377262,-0.00966264746236,-0.564841497209,0.631570769108,0.00200364440056,0.0,0.0,0.0
1609056145622611000,1222,1609056145622611000,4.47325556825,-0.830842441418,4.6920335773,0.945727333629,0.324252773291,0.0179738937387,-0.0116999394972,-0.576632877737,0.621483025326,0.00490150609718,0.0,0.0,0.0
1609056145722662000,1223,1609056145722662000,4.4135861894,-0.761379143132,4.69529198213,0.944664711915,0.327167928514,0.0188272229443,-0.0146718877729,-0.597392963735,0.61856427419,0.0219622078876,0.0,0.0,0.0
1609056145822682000,1224,1609056145822682000,4.35373426193,-0.701889472235,4.6982817066,0.942802906626,0.332295456286,0.019184462306,-0.0182856608962,-0.611474096205,0.597304624272,0.0303865010987,0.0,0.0,0.0
1609056145922700000,1225,1609056145922700000,4.2951028745,-0.640781463782,4.70471168961,0.940759574926,0.338157476345,0.0191094056946,-0.0159929356704,-0.618154033674,0.574600604798,0.0291503835347,0.0,0.0,0.0
1609056146022747000,1226,1609056146022747000,4.23418588158,-0.584750810613,4.70790451077,0.93865107104,0.344044157929,0.0189567367426,-0.014436978973,-0.631373921901,0.556475992231,0.00463562630697,0.0,0.0,0.0
1609056146122798000,1227,1609056146122798000,4.1761102684,-0.533241799603,4.70832638007,0.936398717664,0.350306486743,0.0172927629978,-0.0119902981998,-0.637109504136,0.538093200304,-0.00982143881345,0.0,0.0,0.0
1609056146222888000,1228,1609056146222888000,4.11074919207,-0.478068200147,4.70588101247,0.934081522793,0.356453154323,0.017605294604,-0.0110865301689,-0.647326117983,0.532105117168,0.017589203756,0.0,0.0,0.0
1609056146322948000,1229,1609056146322948000,4.0566979302,-0.438401271965,4.70542994612,0.931576672391,0.362905858822,0.0178577142397,-0.0120558339462,-0.652350503497,0.512142797586,0.0131673074038,0.0,0.0,0.0
1609056146422940000,1230,1609056146422940000,3.99215512004,-0.389637269617,4.70702634619,0.928812633778,0.369902591915,0.0177445508496,-0.0128177511592,-0.664682038222,0.500817514855,0.00172752503802,0.0,0.0,0.0
1609056146522922000,1231,1609056146522922000,3.93345143343,-0.347421119669,4.70518119389,0.925593654136,0.377913346937,0.0177384859742,-0.01196811369,-0.670448372716,0.48487346912,-0.00602825093699,0.0,0.0,0.0
1609056146622946000,1232,1609056146622946000,3.86103256794,-0.294263995986,4.70697199853,0.922145812281,0.386251565606,0.0176355730947,-0.0120754097691,-0.68512896546,0.476473580407,0.0175607627525,0.0,0.0,0.0
1609056146722941000,1233,1609056146722941000,3.79465813793,-0.246978021998,4.71018249014,0.918562474615,0.394705399735,0.0184540382103,-0.0104917168308,-0.699094430644,0.466141293183,0.0263954137513,0.0,0.0,0.0
1609056146822981000,1234,1609056146822981000,3.72867683055,-0.203982336977,4.71402741256,0.914894501539,0.403114337285,0.0194943702644,-0.00931942365745,-0.710808796513,0.453968236103,0.0340727168193,0.0,0.0,0.0
1609056146923061000,1235,1609056146923061000,3.66217158616,-0.164454589672,4.71869319864,0.911329038162,0.411085377348,0.0194723544539,-0.0104414628234,-0.729406771906,0.440010107798,0.0481065247668,0.0,0.0,0.0
1609056147022987000,1236,1609056147022987000,3.59417440219,-0.128010544114,4.72339023257,0.907668057763,0.41910529524,0.0179221750507,-0.0129708928056,-0.74464591449,0.421988351311,0.0544896516641,0.0,0.0,0.0
1609056147123050000,1237,1609056147123050000,3.51983217347,-0.0869078292065,4.72950607277,0.903887076129,0.427249043065,0.0167042420828,-0.0129374302979,-0.753141902824,0.406314988509,0.0621793385186,0.0,0.0,0.0
1609056147223089000,1238,1609056147223089000,3.44433080205,-0.0474432324569,4.73621640542,0.899896128652,0.435660295908,0.0152951867455,-0.012374225987,-0.762668377171,0.395236155761,0.0748148289116,0.0,0.0,0.0
1609056147323125000,1239,1609056147323125000,3.36648593477,-0.00848555086345,4.74411759459,0.895719999385,0.444166484408,0.0152533410206,-0.0130058609137,-0.772783638731,0.385319528758,0.0699237296998,0.0,0.0,0.0
1609056147423178000,1240,1609056147423178000,3.29032215265,0.0268598264965,4.74926845183,0.891454610661,0.452676696324,0.0147188980558,-0.0132604591678,-0.782519163428,0.372948289396,0.0529022926321,0.0,0.0,0.0
1609056147523199000,1241,1609056147523199000,3.21234201376,0.0620466404176,4.75348732196,0.887123863212,0.461098803155,0.0146472553337,-0.0135868671721,-0.787748555279,0.360526386097,0.0479103719057,0.0,0.0,0.0
1609056147623245000,1242,1609056147623245000,3.13265009976,0.0974408836464,4.75827342562,0.882746508299,0.469399433605,0.0142762454066,-0.0147973860996,-0.794449892955,0.345885968421,0.0615636080329,0.0,0.0,0.0
1609056147723260000,1243,1609056147723260000,3.05302839733,0.130985716471,4.76520145022,0.878205999521,0.477826679414,0.0148750846361,-0.0146498703826,-0.806154571242,0.336882738679,0.0706530460628,0.0,0.0,0.0
1609056147823205000,1244,1609056147823205000,2.97269814487,0.163295900032,4.77233775331,0.873604173565,0.486178849208,0.0142781245228,-0.015556660058,-0.812099851761,0.322624942157,0.075765616409,0.0,0.0,0.0
1609056147923306000,1245,1609056147923306000,2.89130108248,0.195581945162,4.77956337384,0.868888380715,0.494515523329,0.0142669307285,-0.0168473657481,-0.813299355973,0.304622228854,0.0650053403929,0.0,0.0,0.0
1609056148023288000,1246,1609056148023288000,2.80964540815,0.226931663808,4.78454179249,0.864231136591,0.502601883343,0.014056837919,-0.017271210603,-0.8145375526,0.289897294523,0.0424491552898,0.0,0.0,0.0
1609056148123318000,1247,1609056148123318000,2.72727644975,0.257701258792,4.78829903263,0.859555323008,0.510544221131,0.013928415838,-0.0177551173151,-0.821440737811,0.275842819262,0.0394997530662,0.0,0.0,0.0
1609056148223391000,1248,1609056148223391000,2.64512340088,0.286657675983,4.79205321066,0.854770218927,0.518507062968,0.0139448905542,-0.0179955137439,-0.826010669671,0.261359569653,0.0354207565089,0.0,0.0,0.0
1609056148323439000,1249,1609056148323439000,2.56281989037,0.312580133839,4.79568808763,0.849759294124,0.526680073775,0.0135391912957,-0.0182738128899,-0.827401151645,0.24215791764,0.0373427346903,0.0,0.0,0.0
1609056148423462000,1250,1609056148423462000,2.48209654217,0.336030916293,4.79898131085,0.84467335601,0.53475872245,0.014613019167,-0.0186142440583,-0.826294052901,0.224741020805,0.0213229964896,0.0,0.0,0.0
1609056148523496000,1251,1609056148523496000,2.39953131268,0.359969627501,4.80082101276,0.839491891766,0.542822833683,0.0152818163443,-0.0190578325317,-0.838033029858,0.208766453199,0.0130231870528,0.0,0.0,0.0
1609056148623539000,1252,1609056148623539000,2.31727748936,0.380936966417,4.80295646093,0.834234022251,0.550827225453,0.0154388904196,-0.0201147826667,-0.842198778143,0.188415624795,0.0218033893649,0.0,0.0,0.0
1609056148723594000,1253,1609056148723594000,2.23464963718,0.400201784252,4.80534483857,0.828772353827,0.558963325948,0.0153034898633,-0.0214985807972,-0.836983134232,0.164934635949,0.0185614719293,0.0,0.0,0.0
1609056148823633000,1254,1609056148823633000,2.15055332662,0.417607436203,4.8067919286,0.823223193982,0.567105909538,0.0145349155997,-0.0219817307148,-0.841316564556,0.142094538647,-0.0039424241338,0.0,0.0,0.0
1609056148923577000,1255,1609056148923577000,2.06576687356,0.433739988636,4.80690805692,0.817590458286,0.575231924584,0.0133633408708,-0.0218058840667,-0.844517153646,0.124785343445,-0.006818960531,0.0,0.0,0.0
1609056149023605000,1256,1609056149023605000,1.97993826673,0.448208511282,4.80747537526,0.811840744188,0.58336644793,0.01283351493,-0.0208205283449,-0.840894535172,0.106126357055,-0.00363232880983,0.0,0.0,0.0
1609056149123646000,1257,1609056149123646000,1.89611898823,0.459675913522,4.80770476297,0.805998677003,0.591434676785,0.0117417317134,-0.0208155591421,-0.834514155077,0.088032722639,-0.00371722647847,0.0,0.0,0.0
1609056149223655000,1258,1609056149223655000,1.81586467272,0.467507869457,4.80668016385,0.799842714086,0.599727044522,0.0120569255055,-0.0208263136205,-0.83108936922,0.0703035577128,-0.00514245945787,0.0,0.0,0.0
1609056149323704000,1259,1609056149323704000,1.73434017899,0.473927451926,4.80549753157,0.793466020754,0.608099814096,0.0122914072422,-0.0217993420365,-0.82439036663,0.0495271611974,-0.0110685159695,0.0,0.0,0.0
1609056149423765000,1260,1609056149423765000,1.65375188475,0.478582971163,4.8033489924,0.786909981592,0.616540961466,0.012588974645,-0.0221684781239,-0.815298793092,0.0265228515647,-0.00810650845538,0.0,0.0,0.0
1609056149523789000,1261,1609056149523789000,1.57438668402,0.479751350154,4.80231899131,0.780344059594,0.624846087271,0.0122623690344,-0.0219123295049,-0.803421988976,-0.000308367068175,-0.0177690512803,0.0,0.0,0.0
1609056149623774000,1262,1609056149623774000,1.49347132386,0.479720611091,4.80087698205,0.774063167748,0.632633160545,0.0111784410838,-0.0218297725677,-0.795492249521,-0.0204718270506,-0.0207621192326,0.0,0.0,0.0
1609056149723832000,1263,1609056149723832000,1.41280249223,0.478524346922,4.79954487499,0.767651961674,0.640382566239,0.0110621698831,-0.0223218053258,-0.794317772676,-0.0375459894564,-0.0081950412777,0.0,0.0,0.0
1609056149823896000,1264,1609056149823896000,1.33526414488,0.473896114883,4.79856019349,0.760866590583,0.648378173206,0.0107987562897,-0.0238990105748,-0.78546161699,-0.0625472883214,-8.19042253609e-05,0.0,0.0,0.0
1609056149923925000,1265,1609056149923925000,1.25748741877,0.466944415285,4.79776752251,0.753929917654,0.656429565535,0.0110728096313,-0.0238180109303,-0.775618472162,-0.0875498992664,-0.0152551191266,0.0,0.0,0.0
1609056150023938000,1266,1609056150023938000,1.18028718994,0.45801160205,4.79523197398,0.746808903116,0.66449906681,0.0113623130598,-0.0242559328117,-0.768974151358,-0.111087486946,-0.0111079962176,0.0,0.0,0.0
1609056150123904000,1267,1609056150123904000,1.10297794159,0.445415767441,4.79485800557,0.739427911297,0.672668882486,0.0117410104634,-0.0250017440163,-0.76497695136,-0.141913461988,0.00115463818041,0.0,0.0,0.0
1609056150223937000,1268,1609056150223937000,1.02764034135,0.429983344136,4.79525189789,0.731938690692,0.680784998749,0.0124085744831,-0.0253685992132,-0.755478437037,-0.172395981039,0.0170814081585,0.0,0.0,0.0
1609056150324054000,1269,1609056150324054000,0.949836553336,0.413386676336,4.79513140595,0.724344378912,0.688838243919,0.0134170107514,-0.0254377332864,-0.753956460745,-0.203029192265,0.0106116113954,0.0,0.0,0.0
1609056150424048000,1270,1609056150424048000,0.872199676799,0.393167179045,4.79442035929,0.716568128622,0.696950428905,0.0132031984567,-0.0248171763656,-0.758109299416,-0.232823563233,-0.0022955397532,0.0,0.0,0.0
1609056150524121000,1271,1609056150524121000,0.795115320042,0.370397296273,4.7942555395,0.708767466444,0.704900693904,0.0130189821051,-0.0243761430235,-0.759284734114,-0.263568867772,0.0101196258942,0.0,0.0,0.0
1609056150624093000,1272,1609056150624093000,0.714580872856,0.345789566971,4.79540773078,0.700878743832,0.712760344123,0.0133022349002,-0.0237640240224,-0.763770208188,-0.288725316442,0.0170338204351,0.0,0.0,0.0
1609056150724119000,1273,1609056150724119000,0.633784639492,0.317270929418,4.79809027527,0.693065210335,0.720385656276,0.0122114127633,-0.0235796915383,-0.765182764659,-0.320503893696,0.0125274488451,0.0,0.0,0.0
1609056150824206000,1274,1609056150824206000,0.553787298973,0.286138351386,4.80014459218,0.685232310329,0.727907771182,0.0104347149554,-0.0223175773226,-0.767990541252,-0.345068503691,0.00978956114757,0.0,0.0,0.0
1609056150924207000,1275,1609056150924207000,0.47229603335,0.254540047239,4.80057649545,0.677300142387,0.735295636253,0.00823601533589,-0.0231735297619,-0.77039743753,-0.362923581404,0.0130528195575,0.0,0.0,0.0
1609056151024268000,1276,1609056151024268000,0.393139297585,0.217872737746,4.80288326321,0.669520182341,0.742305140786,0.00414375255783,-0.0266201562027,-0.759998828477,-0.385636463868,0.0142744549833,0.0,0.0,0.0
1609056151124210000,1277,1609056151124210000,0.314230175493,0.180810668325,4.80337062998,0.662050657591,0.748901408768,-0.000370556667991,-0.0289044878358,-0.741031346855,-0.403881401165,-0.00809400099079,0.0,0.0,0.0
1609056151224275000,1278,1609056151224275000,0.238535145401,0.140852663682,4.8033940015,0.654834933454,0.755273361152,-0.000284641602729,-0.0274459257749,-0.709209903342,-0.415361281156,0.0130043792671,0.0,0.0,0.0
1609056151324340000,1279,1609056151324340000,0.16163630444,0.100886790818,4.8032835953,0.647756625528,0.761462836106,0.00246073104149,-0.0240758824671,-0.699427765877,-0.430096260517,0.00550832399074,0.0,0.0,0.0
1609056151424298000,1280,1609056151424298000,0.091601883572,0.0573755968745,4.80267642395,0.640815148068,0.767422406396,0.00379112846386,-0.0201102837818,-0.694337885413,-0.443938455047,0.0067224590233,0.0,0.0,0.0
1609056151524318000,1281,1609056151524318000,0.0187882965301,0.0136683571443,4.80395541135,0.634059337241,0.773079878589,0.00311355552035,-0.0175089677144,-0.699789304978,-0.45577824862,0.0226532611183,0.0,0.0,0.0
1609056151624353000,1282,1609056151624353000,-0.0541572728225,-0.0308259015967,4.80678595107,0.627553026835,0.778382132253,0.00449133996455,-0.0166818034212,-0.696903139122,-0.461056129035,0.0389051307754,0.0,0.0,0.0
1609056151724380000,1283,1609056151724380000,-0.126658402376,-0.0754180239292,4.80824659134,0.621116210341,0.783537513256,0.00634421131704,-0.0156003062741,-0.705250817777,-0.471336455543,0.0302440255843,0.0,0.0,0.0
1609056151824413000,1284,1609056151824413000,-0.200609127491,-0.121621526449,4.81043839453,0.614644093909,0.788620872299,0.00841549620074,-0.0147965205648,-0.713679786452,-0.480646129538,0.0413087032276,0.0,0.0,0.0
1609056151924516000,1285,1609056151924516000,-0.27694730804,-0.169452424089,4.81516744001,0.608264100237,0.793561809329,0.00929960296329,-0.013709723669,-0.729649157662,-0.493953304279,0.0420225976988,0.0,0.0,0.0
1609056152024529000,1286,1609056152024529000,-0.351773387963,-0.218228920438,4.81874660875,0.601856899053,0.798438261834,0.010884082455,-0.0120893279698,-0.74218436167,-0.508430807819,0.0275623722173,0.0,0.0,0.0
1609056152124545000,1287,1609056152124545000,-0.426483411918,-0.267984709722,4.82077722475,0.595623841602,0.80311983228,0.00981299430592,-0.0115965277973,-0.752693791384,-0.521522829216,0.028789213154,0.0,0.0,0.0
1609056152224576000,1288,1609056152224576000,-0.506783866608,-0.321637890887,4.82349615447,0.589313534637,0.807787880448,0.0100627203509,-0.00932950983389,-0.775280301861,-0.540244792997,0.021825070091,0.0,0.0,0.0
1609056152324597000,1289,1609056152324597000,-0.584268430165,-0.375291141483,4.82496810595,0.582822730367,0.812500068633,0.0109215082823,-0.00648259947948,-0.798786885039,-0.552620758445,0.0312969811401,0.0,0.0,0.0
1609056152424612000,1290,1609056152424612000,-0.667072243796,-0.431496566261,4.82768997598,0.576379108434,0.817102965211,0.0103043866493,-0.00486695189075,-0.825832747864,-0.563244355792,0.0428539239249,0.0,0.0,0.0
1609056152524628000,1291,1609056152524628000,-0.750357497664,-0.488379520513,4.83139863183,0.569873430982,0.821655888516,0.0104286648286,-0.00413720648071,-0.85197875597,-0.568074172523,0.0531448422886,0.0,0.0,0.0
1609056152624678000,1292,1609056152624678000,-0.840172779946,-0.548116183225,4.83828721523,0.563489145326,0.8260379059,0.0106844827282,-0.00521564433183,-0.88206067693,-0.58276167542,0.0724531961125,0.0,0.0,0.0
1609056152724687000,1293,1609056152724687000,-0.927207289161,-0.607202504947,4.84506963012,0.557142497394,0.830308075096,0.01146360586,-0.00702308829171,-0.906405187397,-0.594521595256,0.0890794200369,0.0,0.0,0.0
1609056152824747000,1294,1609056152824747000,-1.02201739477,-0.669589204764,4.85333473378,0.550890008788,0.834440643656,0.010764151867,-0.0106368917696,-0.930506825255,-0.618187580375,0.084485943413,0.0,0.0,0.0
1609056152924769000,1295,1609056152924769000,-1.1161376454,-0.732453053338,4.86114456635,0.544756294612,0.838447908491,0.00929979797047,-0.0126173684398,-0.944502202529,-0.634951241039,0.0787603938067,0.0,0.0,0.0
1609056153024847000,1296,1609056153024847000,-1.21272059784,-0.796853767782,4.86742381783,0.538631584621,0.842389670865,0.00852544965201,-0.0135268317089,-0.956922577176,-0.652706049056,0.0503824325234,0.0,0.0,0.0
1609056153124860000,1297,1609056153124860000,-1.30859412025,-0.861730705427,4.87251562118,0.532452791518,0.846289978758,0.00777315002083,-0.0150623636228,-0.960578175559,-0.668269901945,0.0484582689586,0.0,0.0,0.0
1609056153224916000,1298,1609056153224916000,-1.40603112975,-0.928155210307,4.87665872987,0.526250881666,0.850162345241,0.00874155414273,-0.0144076893081,-0.962826555653,-0.683349553857,0.0351895280368,0.0,0.0,0.0
1609056153325084000,1299,1609056153325084000,-1.50503816054,-0.997440872702,4.88103974337,0.519991046387,0.85401564657,0.00840882533409,-0.0139956689013,-0.970834012321,-0.700645348977,0.0487326102688,0.0,0.0,0.0
1609056153424899000,1300,1609056153424899000,-1.60258989774,-1.06759152638,4.88621057513,0.51364133467,0.857858415529,0.0085411070972,-0.0133629230705,-0.977260982699,-0.717035686032,0.0429948554786,0.0,0.0,0.0
1609056153524988000,1301,1609056153524988000,-1.70301046799,-1.13891165511,4.89119645063,0.507288039413,0.861658809647,0.0087572460723,-0.0112361678283,-0.991598468181,-0.730885207215,0.0285389901097,0.0,0.0,0.0
1609056153625005000,1302,1609056153625005000,-1.80221124898,-1.21067914182,4.8951624507,0.500911551083,0.865407092598,0.00578570686075,-0.0111672587865,-0.998278737713,-0.738828833612,0.020541098411,0.0,0.0,0.0
1609056153725046000,1303,1609056153725046000,-1.90275049558,-1.28424231738,4.89880389025,0.494377405645,0.869154316493,0.00236529871098,-0.0124964103667,-1.01327817812,-0.750341409348,0.0109657958468,0.0,0.0,0.0
1609056153825026000,1304,1609056153825026000,-1.99949875235,-1.35769864945,4.90058153694,0.487625990921,0.872836776429,-0.00711170175604,-0.0180631777098,-0.999304591543,-0.746318042004,0.00961834417136,0.0,0.0,0.0
1609056153925096000,1305,1609056153925096000,-2.09478574867,-1.43076033501,4.9023274061,0.480731970881,0.876421895296,-0.0133036975095,-0.0245854682985,-0.963664495782,-0.732087652482,0.0219093778755,0.0,0.0,0.0
1609056154025197000,1306,1609056154025197000,-2.18528238384,-1.502169313,4.90119304801,0.473900478569,0.879960581924,-0.016900819701,-0.0283208927276,-0.912904823602,-0.717209022547,-0.013709058273,0.0,0.0,0.0
1609056154125253000,1307,1609056154125253000,-2.27681733176,-1.57602649525,4.89724193822,0.467053794816,0.88346589086,-0.0215669372027,-0.0297260770214,-0.872611265565,-0.706290466508,-0.0244288909654,0.0,0.0,0.0
1609056154225259000,1308,1609056154225259000,-2.3532467549,-1.64308994277,4.89389671146,0.460315194661,0.886524543049,-0.0278693583497,-0.0375160632516,-0.793891574824,-0.663246821983,0.0442834785295,0.0,0.0,0.0
1609056154325359000,1309,1609056154325359000,-2.42484305907,-1.70751538468,4.89672932743,0.455700663448,0.888708517719,-0.017421319545,-0.0472289476109,-0.693088200866,-0.633248763171,0.0758214620264,0.0,0.0,0.0
1609056154425269000,1310,1609056154425269000,-2.48908992926,-1.77221140102,4.89793261469,0.453588839736,0.889387378985,-0.00995482149617,-0.0561084316129,-0.599236228894,-0.648705363293,0.00692321341892,0.0,0.0,0.0
1609056154525216000,1311,1609056154525216000,-2.55343658452,-1.84321620937,4.89411882292,0.452908291634,0.889842603431,-0.00797917129021,-0.0546859517098,-0.522473339218,-0.682852850257,-0.0376624356382,0.0,0.0,0.0
1609056154625254000,1312,1609056154625254000,-2.61095508866,-1.91807757136,4.88894676835,0.451888109256,0.890795359317,-0.00953385064973,-0.0467960492329,-0.467842244522,-0.721863544565,-0.0756988667485,0.0,0.0,0.0
1609056154725303000,1313,1609056154725303000,-2.64575556512,-1.98784833773,4.8811637352,0.447213771159,0.893503973357,-0.0166791029378,-0.0370445678342,-0.411016264204,-0.736315659823,-0.0636527725489,0.0,0.0,0.0
1609056154825321000,1314,1609056154825321000,-2.67768505429,-2.05819386531,4.87334594324,0.441168824794,0.896688442959,-0.0225580205563,-0.0284787640582,-0.349411278577,-0.717461612051,-0.0891525775747,0.0,0.0,0.0
1609056154925347000,1315,1609056154925347000,-2.70476752179,-2.12716320006,4.86962232125,0.434998137146,0.899889713284,-0.0254965617649,-0.0180291414922,-0.310872253575,-0.679229378259,-0.0313398779799,0.0,0.0,0.0
1609056155025545000,1316,1609056155025545000,-2.72183164808,-2.18722362596,4.87204873633,0.428789844623,0.902919577811,-0.0270301867753,-0.0120363680825,-0.279227840209,-0.62808350802,0.0126350762957,0.0,0.0,0.0
1609056155125465000,1317,1609056155125465000,-2.72617195634,-2.23622620173,4.87744728494,0.422052207524,0.906067949481,-0.0276204070501,-0.0122441072206,-0.247613265001,-0.566721908598,0.0682294492806,0.0,0.0,0.0
1609056155225463000,1318,1609056155225463000,-2.73231357448,-2.28005756856,4.8833108693,0.414481777374,0.909543076886,-0.0243838164298,-0.0184845073137,-0.213848664995,-0.515051009099,0.0882796433614,0.0,0.0,0.0
1609056155325676000,1319,1609056155325676000,-2.73950019862,-2.32233576815,4.88734626631,0.406530480823,0.912999747562,-0.0231624290509,-0.0250585513017,-0.16772891541,-0.478772541597,0.0668587526492,0.0,0.0,0.0
1609056155425688000,1320,1609056155425688000,-2.74967333346,-2.36669978764,4.89642845384,0.39837974104,0.916492000539,-0.022574233694,-0.028747153783,-0.120947824734,-0.453031921631,0.0520341676827,0.0,0.0,0.0
1609056155525547000,1321,1609056155525547000,-2.7619866956,-2.41435349991,4.90418262474,0.390135503178,0.920014187571,-0.021549558988,-0.0300632722092,-0.0742867488868,-0.435319427462,0.0471063968568,0.0,0.0,0.0
1609056155625557000,1322,1609056155625557000,-2.77339934856,-2.45955764731,4.90851080221,0.381790259671,0.923474126319,-0.0213974472147,-0.0312071288694,-0.0364972224367,-0.419045878899,0.0747944462829,0.0,0.0,0.0
1609056155725635000,1323,1609056155725635000,-2.7609214627,-2.49087851036,4.91150548739,0.373272593863,0.926972705652,-0.019898562373,-0.0315154067565,0.0271140446132,-0.3866502998,0.0851694812643,0.0,0.0,0.0
1609056155825620000,1324,1609056155825620000,-2.7570387484,-2.53258971026,4.91474421787,0.364613383839,0.930455068825,-0.0201317751186,-0.0300858247992,0.0691009769265,-0.375259008175,0.0741851474977,0.0,0.0,0.0
1609056155925623000,1325,1609056155925623000,-2.75856607827,-2.57859270651,4.92162478112,0.356025299492,0.933838946405,-0.0200071079099,-0.0281162574348,0.0978439502225,-0.365652267854,0.0748753917374,0.0,0.0,0.0
1609056156025741000,1326,1609056156025741000,-2.74265112552,-2.60180186763,4.93330978518,0.347560701032,0.937072561411,-0.0200774171726,-0.0263338388495,0.13795557105,-0.332297562056,0.0695964103477,0.0,0.0,0.0
1609056156125828000,1327,1609056156125828000,-2.72969930788,-2.63352810226,4.94525377559,0.339218927326,0.940143081326,-0.0212902529703,-0.0246623418898,0.168906085813,-0.306022144581,0.0874072993739,0.0,0.0,0.0
1609056156225733000,1328,1609056156225733000,-2.71416693324,-2.66182354905,4.95938369922,0.330932301341,0.94306137913,-0.0232329386829,-0.0240681881824,0.196087815432,-0.282843031883,0.0850056034285,0.0,0.0,0.0
1609056156325810000,1329,1609056156325810000,-2.70033640752,-2.69478986621,4.96952214088,0.322440910287,0.946126905319,-0.0222482905833,-0.0195128667848,0.22795594368,-0.245413934622,0.0793784216219,0.0,0.0,0.0
1609056156425967000,1330,1609056156425967000,-2.684099789,-2.72737200644,4.98010432284,0.314085260669,0.949202398233,-0.00827525571049,-0.0172271983259,0.227103185242,-0.249401252041,0.0826789278552,0.0,0.0,0.0
1609056156525928000,1331,1609056156525928000,-2.66217831219,-2.75522041308,4.98437119503,0.307322987424,0.951432599241,-0.0137238303291,-0.0118425919312,0.246586004176,-0.248342549395,-0.016499114496,0.0,0.0,0.0
1609056156625862000,1332,1609056156625862000,-2.63724049571,-2.78161656655,4.98363554641,0.304008574249,0.952416711935,-0.0218219676542,0.0022350252253,0.258684716434,-0.213165229552,-0.0563845796556,0.0,0.0,0.0
1609056156725950000,1333,1609056156725950000,-2.61223202779,-2.80656887928,4.9816867146,0.303489925569,0.952205983366,-0.0303189322526,0.0166851031343,0.228530471281,-0.15197591089,-0.00742230198165,0.0,0.0,0.0
1609056156826066000,1334,1609056156826066000,-2.59018554087,-2.82861123476,4.9836068279,0.303534634767,0.951844241481,-0.0357156319201,0.0241590374994,0.179401094242,-0.0901086877406,0.0154154471722,0.0,0.0,0.0
1609056156925999000,1335,1609056156925999000,-2.57422549125,-2.84053544658,4.98747410169,0.30361877211,0.951596117547,-0.0395448002495,0.0267708622463,0.118874477697,-0.00402366725007,0.0740581036314,0.0,0.0,0.0
1609056157026001000,1336,1609056157026001000,-2.5642142484,-2.84282372761,4.99552981011,0.303606586724,0.951941943339,-0.0327229029358,0.023638710488,0.0644843640524,0.0818445219616,0.119812779924,0.0,0.0,0.0
1609056157126050000,1337,1609056157126050000,-2.55946879896,-2.83171807717,5.00928871668,0.303744634365,0.952385311728,-0.0199895835677,0.0173733027631,0.0181649657422,0.151536949422,0.162126140538,0.0,0.0,0.0
1609056157226083000,1338,1609056157226083000,-2.56009076426,-2.81524193418,5.02811234033,0.303918309009,0.952629847052,0.00753300900411,0.00856094213116,-0.0203961946244,0.178151061365,0.19360947989,0.0,0.0,0.0
1609056157326108000,1339,1609056157326108000,-2.56498526575,-2.79801141766,5.04473926771,0.303805523193,0.951957204552,0.03826031593,0.00397907066872,-0.0664496722637,0.115552846802,0.142312784259,0.0,0.0,0.0
1609056157426102000,1340,1609056157426102000,-2.57473808106,-2.79701561807,5.05493723224,0.303466200429,0.951134944347,0.056977462704,0.00203754354031,-0.128779257502,-0.00483876263805,0.112334042597,0.0,0.0,0.0
1609056157526201000,1341,1609056157526201000,-2.59238454559,-2.8032265026,5.06313735279,0.303218039201,0.950756757078,0.0641834251906,0.000947367164791,-0.194244307959,-0.130721224612,0.0810394067259,0.0,0.0,0.0
1609056157626272000,1342,1609056157626272000,-2.61581629993,-2.82040843796,5.0689168618,0.303273551757,0.950913315604,0.0615543667836,-0.000280965754108,-0.256197516969,-0.253266398409,0.0423560845183,0.0,0.0,0.0
1609056157726353000,1343,1609056157726353000,-2.64442612536,-2.85506648857,5.07400650117,0.303483540131,0.951291566845,0.0541998302224,-0.00211521236629,-0.315199395916,-0.375872792749,0.0291845095031,0.0,0.0,0.0
1609056157826216000,1344,1609056157826216000,-2.68069060889,-2.89982171769,5.07668262364,0.3039217027,0.951812108372,0.0408128353027,-0.00442961171062,-0.364107397812,-0.473355674248,0.0213613332471,0.0,0.0,0.0
1609056157926295000,1345,1609056157926295000,-2.72056914497,-2.95238180843,5.07772588325,0.304206858743,0.952224557961,0.0256899166203,-0.00816128019655,-0.397355652617,-0.539205462435,0.0115199296749,0.0,0.0,0.0
1609056158026278000,1346,1609056158026278000,-2.76386677129,-3.007489862,5.07593760618,0.304359094453,0.952360750459,0.0149378038224,-0.0123046587413,-0.411653036586,-0.582307792093,-0.0190945235199,0.0,0.0,0.0
1609056158126286000,1347,1609056158126286000,-2.83481037614,-3.05261337797,5.07162889573,0.30455278588,0.952345765221,0.00583496598865,-0.0158460484361,-0.433846226925,-0.594466833486,-0.0306961955561,0.0,0.0,0.0
1609056158226352000,1348,1609056158226352000,-2.88429392138,-3.10381495052,5.06816889071,0.304722533846,0.952265458678,0.000400697941951,-0.018289696982,-0.426729583992,-0.601468975108,-0.0429613575198,0.0,0.0,0.0
1609056158326378000,1349,1609056158326378000,-2.93952551968,-3.149331969,5.04991816478,0.304732449386,0.952243244532,-0.00183998795311,-0.0191716451671,-0.423557687351,-0.598671458396,-0.0632611039688,0.0,0.0,0.0
1609056158426370000,1350,1609056158426370000,-2.98282767201,-3.20628944754,5.04140202501,0.304752048153,0.952244752696,-0.00108244086602,-0.0188400751435,-0.405212311291,-0.6005701307,-0.0769673109665,0.0,0.0,0.0
1609056158526461000,1351,1609056158526461000,-3.02472508952,-3.26464967098,5.03625635737,0.304812105028,0.952269731453,0.00349336034099,-0.0161163153367,-0.392691634228,-0.60323393183,-0.081079176171,0.0,0.0,0.0
1609056158626449000,1352,1609056158626449000,-3.07873766108,-3.30627536103,5.01638636351,0.304937179391,0.952247202275,0.00906779260079,-0.012504300119,-0.399101301243,-0.604090627916,-0.0681422089637,0.0,0.0,0.0
1609056158726522000,1353,1609056158726522000,-3.12152205361,-3.36835450205,5.00912933176,0.304999027091,0.952223550095,0.0118379369166,-0.0102843263266,-0.415702028189,-0.637595710897,-0.0557425564897,0.0,0.0,0.0
1609056158826685000,1354,1609056158826685000,-3.16421577666,-3.43241714755,5.00340584565,0.305126810799,0.952209488005,0.0103080061449,-0.00940559912623,-0.427274870231,-0.663385218297,-0.0391587614368,0.0,0.0,0.0
1609056158926588000,1355,1609056158926588000,-3.22895869149,-3.47400910787,4.99995539425,0.305451372392,0.95215017698,0.00351255040597,-0.00985705689197,-0.456584851263,-0.670482244113,-0.0161868670462,0.0,0.0,0.0
1609056159026526000,1356,1609056159026526000,-3.27601246501,-3.54020872076,4.99995701938,0.305441531509,0.952103559295,-0.00574794096412,-0.0130860376748,-0.471312832571,-0.686123199842,0.00871784259818,0.0,0.0,0.0
1609056159126583000,1357,1609056159126583000,-3.32110976053,-3.60934711705,4.99744157641,0.30066830845,0.953243930815,-0.0230864027933,-0.0197887509571,-0.468651111578,-0.694799456858,0.00842416892786,0.0,0.0,0.0
1609056159226581000,1358,1609056159226581000,-3.37282198643,-3.65883086994,5.0013083177,0.294024306082,0.954843088951,-0.0344835951686,-0.025204455565,-0.428535167994,-0.632209470813,0.0289181822568,0.0,0.0,0.0
1609056159326637000,1359,1609056159326637000,-3.41259009519,-3.71639893641,5.00850975746,0.289205494052,0.955983519167,-0.0408936012112,-0.0279894028352,-0.36880604183,-0.564908207488,0.0378223246697,0.0,0.0,0.0
1609056159426659000,1360,1609056159426659000,-3.45606505522,-3.77047321097,5.01168442187,0.285658323319,0.956945532397,-0.0427739505912,-0.0287221081247,-0.317176804075,-0.497092901438,0.0432766140029,0.0,0.0,0.0
1609056159526691000,1361,1609056159526691000,-3.49572683481,-3.81871691032,5.01247986506,0.282440992992,0.958046880762,-0.0405170108125,-0.0270486889829,-0.270079835524,-0.432818069101,0.0431030634493,0.0,0.0,0.0
1609056159626763000,1362,1609056159626763000,-3.51994804658,-3.85976661405,5.0152321767,0.278776290081,0.959655133921,-0.0299560929424,-0.0211763198605,-0.223026227922,-0.373952205032,-0.00289331345697,0.0,0.0,0.0
1609056159726776000,1363,1609056159726776000,-3.54923112667,-3.90031834511,5.01627433503,0.274308004397,0.961299192716,-0.0203483844603,-0.0156500497777,-0.217981267122,-0.348147279118,0.00870081633742,0.0,0.0,0.0
1609056159826842000,1364,1609056159826842000,-3.56854704953,-3.93302863027,5.01733703273,0.268133523224,0.963228288734,-0.0123223550865,-0.0119932093277,-0.20966549129,-0.325167720041,0.02383094739,0.0,0.0,0.0
1609056159927056000,1365,1609056159927056000,-3.60094754181,-3.97790400983,5.0193471542,0.264244657743,0.964375513281,-0.00630426459844,-0.0107185113477,-0.210696521953,-0.312665838398,0.0334243305047,0.0,0.0,0.0
1609056160026861000,1366,1609056160026861000,-3.6268060602,-4.01399890332,5.02045551664,0.263030788914,0.964733000201,-0.00114997387824,-0.0101842999971,-0.215590057597,-0.307960561039,0.034629610471,0.0,0.0,0.0
1609056160126855000,1367,1609056160126855000,-3.65618722804,-4.05774424593,5.01730612538,0.263253443019,0.964658484726,0.00299999174495,-0.0110739620011,-0.229431958413,-0.328429767263,0.0361037599445,0.0,0.0,0.0
1609056160226894000,1368,1609056160226894000,-3.6756086967,-4.08696162102,5.0201530297,0.263666460765,0.964515687353,0.00499177485519,-0.0128284255582,-0.235409321318,-0.344235506248,0.0529399375026,0.0,0.0,0.0
1609056160326964000,1369,1609056160326964000,-3.69646692554,-4.1196498067,5.02508214377,0.264008256422,0.964390505146,0.00458839600745,-0.0151506021928,-0.239298050468,-0.36928200093,0.0787211513236,0.0,0.0,0.0
1609056160426992000,1370,1609056160426992000,-3.71810775186,-4.15437295224,5.03503774745,0.264114492071,0.964354757246,0.00468946065545,-0.0155385396518,-0.234125079706,-0.386526325731,0.0817458690774,0.0,0.0,0.0
1609056160526977000,1371,1609056160526977000,-3.74021071048,-4.19359805592,5.0412516149,0.264103452845,0.96437138764,0.00613147390655,-0.0141279129772,-0.235020925733,-0.409294224035,0.0866276316116,0.0,0.0,0.0
1609056160627016000,1372,1609056160627016000,-3.7605390694,-4.23282661682,5.05234604835,0.264012058062,0.964403605215,0.00546072070192,-0.0139104268538,-0.242251296612,-0.43644752678,0.121076901673,0.0,0.0,0.0
1609056160727199000,1373,1609056160727199000,-3.78060243482,-4.27352550269,5.06490537209,0.26402722204,0.964409943692,0.00330651454899,-0.0138619440087,-0.242904832999,-0.452103699625,0.126411929087,0.0,0.0,0.0
1609056160827204000,1374,1609056160827204000,-3.80059167482,-4.31609671941,5.07849532514,0.26412771892,0.964379996553,0.0012793124848,-0.0143573572097,-0.241009528462,-0.463436338593,0.139671512258,0.0,0.0,0.0
1609056160927035000,1375,1609056160927035000,-3.82038602919,-4.36012043578,5.09133872461,0.264210530447,0.964332561451,-0.00167412512884,-0.0158966610012,-0.240913882409,-0.475239955405,0.137908837715,0.0,0.0,0.0
1609056161027250000,1376,1609056161027250000,-3.84075257498,-4.40719440064,5.10208893187,0.264328014361,0.964251560936,-0.00375408391675,-0.0183176120272,-0.229132037191,-0.479948553296,0.14640916885,0.0,0.0,0.0
1609056161127274000,1377,1609056161127274000,-3.84785971402,-4.44591609195,5.11898110615,0.264512552932,0.964170420412,-0.00378263475597,-0.019854506235,-0.202280927996,-0.477460987353,0.139746986199,0.0,0.0,0.0
1609056161227223000,1378,1609056161227223000,-3.86716059038,-4.49320936676,5.13686908295,0.26463293551,0.964121182425,-0.00395666084988,-0.0205936853787,-0.186741249997,-0.484238564322,0.129597033537,0.0,0.0,0.0
1609056161327242000,1379,1609056161327242000,-3.8821474608,-4.53973805275,5.14984723755,0.264893033918,0.964060221146,-0.00402033941357,-0.0200850057687,-0.171240194632,-0.488923866579,0.118209010872,0.0,0.0,0.0
1609056161427295000,1380,1609056161427295000,-3.89234797653,-4.58454584115,5.16067889311,0.264289738697,0.964225349009,-0.00359112581551,-0.0201869800544,-0.162111159031,-0.50764358234,0.103677002119,0.0,0.0,0.0
1609056161527347000,1381,1609056161527347000,-3.90144569327,-4.63114732318,5.17054671727,0.260208127943,0.965377716009,-0.00321630673029,-0.0180900789469,-0.139282358147,-0.501743841374,0.0795917719675,0.0,0.0,0.0
1609056161627333000,1382,1609056161627333000,-3.88287903565,-4.65107955783,5.17775805358,0.25991703421,0.965491420623,-0.00500807599541,-0.0156323768663,-0.104931012649,-0.4757913175,0.0669657647423,0.0,0.0,0.0
1609056161727362000,1383,1609056161727362000,-3.89703361989,-4.7012363267,5.18334299289,0.260212888896,0.965444807408,-0.00490304821372,-0.0134735451682,-0.101195767072,-0.473956540617,0.0658000240908,0.0,0.0,0.0
1609056161827404000,1384,1609056161827404000,-3.89146759957,-4.73436465313,5.18650381155,0.258820699726,0.965848986649,-0.00293163665956,-0.0117892276632,-0.1070354555,-0.493859394816,0.0526676196292,0.0,0.0,0.0
1609056161927438000,1385,1609056161927438000,-3.89375715089,-4.77602160461,5.18951372263,0.253111223511,0.967365473776,-0.00231200953071,-0.011550034253,-0.112702733436,-0.510238913138,0.0609905862426,0.0,0.0,0.0
1609056162027452000,1386,1609056162027452000,-3.90301603157,-4.82444134128,5.1945245266,0.245612761825,0.969296969804,-0.00117639874731,-0.0116778269773,-0.114344675353,-0.5123463147,0.0586721870301,0.0,0.0,0.0
1609056162127604000,1387,1609056162127604000,-3.90827372637,-4.87251807677,5.1953678927,0.23887770521,0.970959878747,-0.00259420300661,-0.0129470432086,-0.10452154238,-0.506118606068,0.066145207946,0.0,0.0,0.0
1609056162227734000,1388,1609056162227734000,-3.92473511215,-4.92981051704,5.20207803385,0.233401138201,0.972286383103,-0.00221791386494,-0.013348362306,-0.10122447552,-0.502388022322,0.0693384199742,0.0,0.0,0.0
1609056162327496000,1389,1609056162327496000,-3.94021764958,-4.99052651255,5.20250199082,0.230204765026,0.973043277239,-0.00120330840562,-0.0138238499493,-0.0987027351955,-0.506472891457,0.0640356489051,0.0,0.0,0.0
1609056162427988000,1390,1609056162427988000,-3.95398125255,-5.04564598848,5.21030171635,0.229349141456,0.973241727059,-0.000496888018478,-0.0141161300573,-0.0978206375795,-0.509850039,0.054820917567,0.0,0.0,0.0
1609056162528080000,1391,1609056162528080000,-3.97328170931,-5.10925531832,5.2101340022,0.229258050176,0.9732744109,0.00150746105479,-0.0132436807016,-0.101445447116,-0.529149069902,0.0373825532625,0.0,0.0,0.0
1609056162627592000,1392,1609056162627592000,-3.98424472345,-5.16185416837,5.2141118794,0.229358426298,0.973260975969,0.00276078223503,-0.0122541023143,-0.105638745307,-0.538279627596,0.0310151241252,0.0,0.0,0.0
1609056162727647000,1393,1609056162727647000,-3.99682936137,-5.21803890137,5.21630336973,0.22958016119,0.97320723986,0.00731298590737,-0.0103507540138,-0.113503412152,-0.555996025896,0.00961874988739,0.0,0.0,0.0
1609056162828064000,1394,1609056162828064000,-4.01033025276,-5.27679833668,5.21913482027,0.229815408492,0.973132783866,0.011420865861,-0.00818699011756,-0.129601666387,-0.584686618382,0.015654667032,0.0,0.0,0.0
1609056162927972000,1395,1609056162927972000,-4.02439687879,-5.33732018609,5.21897984993,0.230030683979,0.973082775023,0.0115804062833,-0.00785439826789,-0.150489717144,-0.617012836896,-0.0202321201825,0.0,0.0,0.0
1609056163027688000,1396,1609056163027688000,-4.05049827885,-5.41892354234,5.21679020144,0.230404167073,0.973012093323,0.00911496098873,-0.00884892811454,-0.174601233505,-0.659518446817,-0.0377200059833,0.0,0.0,0.0
1609056163127984000,1397,1609056163127984000,-4.06699638544,-5.48377508499,5.21339975204,0.230686298265,0.972954939029,0.00721534330762,-0.0095109007761,-0.185275769951,-0.675560588331,-0.0337150379169,0.0,0.0,0.0
1609056163227918000,1398,1609056163227918000,-4.08541307073,-5.5523963141,5.20888036167,0.230890626069,0.972916308771,0.00462087117757,-0.0101006172907,-0.19188814932,-0.689073478496,-0.035749618702,0.0,0.0,0.0
1609056163327869000,1399,1609056163327869000,-4.10539640506,-5.62279390301,5.20729892471,0.230943315368,0.972902376694,0.00371915076833,-0.0105980388338,-0.199618682347,-0.70467890225,-0.00155617091997,0.0,0.0,0.0
1609056163427822000,1400,1609056163427822000,-4.13073216144,-5.70120602588,5.21171829377,0.231051827025,0.972871253803,0.00168493920216,-0.0115645030983,-0.206702284518,-0.721510407355,0.00325612620349,0.0,0.0,0.0
1609056163527863000,1401,1609056163527863000,-4.15243248978,-5.77360945663,5.21585604351,0.230977737849,0.972886282569,-0.000465028147138,-0.0118890519689,-0.212216014439,-0.727516522432,0.00706304358157,0.0,0.0,0.0
1609056163627877000,1402,1609056163627877000,-4.17449939184,-5.84571030676,5.21774030669,0.230861186712,0.972915789067,-0.001541085602,-0.0116449521194,-0.217569508084,-0.731273062486,0.0109782389411,0.0,0.0,0.0
1609056163727945000,1403,1609056163727945000,-4.19674288506,-5.91821165134,5.21814638547,0.230885400354,0.972912766348,-0.00210385268897,-0.0113249628566,-0.221565971548,-0.73210337595,0.0144333111455,0.0,0.0,0.0
1609056163828015000,1404,1609056163828015000,-4.22142923664,-5.99150796146,5.22029978062,0.231108121207,0.9728502723,-0.00327913149536,-0.0118588066458,-0.221603828561,-0.728253513715,0.00931881007051,0.0,0.0,0.0
1609056163928267000,1405,1609056163928267000,-4.24549097207,-6.0655219068,5.22265947802,0.23125310987,0.972812112014,-0.00348307771715,-0.012102151237,-0.225389457985,-0.730067846368,-0.0100328393784,0.0,0.0,0.0
1609056164028018000,1406,1609056164028018000,-4.26814585474,-6.13856752184,5.22121210697,0.231335970039,0.972787906588,-0.00423920309038,-0.0122223941935,-0.227375238662,-0.729649069575,-0.0141703377432,0.0,0.0,0.0
1609056164128049000,1407,1609056164128049000,-4.29161933078,-6.21208162208,5.21813159375,0.231451486578,0.972763219388,-0.00484358836037,-0.0117672434752,-0.230467815275,-0.730851198951,-0.050825723551,0.0,0.0,0.0
1609056164228614000,1408,1609056164228614000,-4.31845073867,-6.28987640852,5.21214217383,0.231719261612,0.972692961254,-0.00607213983397,-0.0117352478419,-0.231145401408,-0.726296275182,-0.062534213873,0.0,0.0,0.0
1609056164328426000,1409,1609056164328426000,-4.34228676998,-6.36250865256,5.20722725681,0.231825102763,0.972668810272,-0.00559416062901,-0.0118832915974,-0.236492236103,-0.72544307241,-0.0510051239465,0.0,0.0,0.0
1609056164428166000,1410,1609056164428166000,-4.36595535001,-6.43422651009,5.20288101858,0.231953637891,0.972619255355,-0.00712020193912,-0.0125935184007,-0.235081005528,-0.715863778683,-0.0441595145906,0.0,0.0,0.0
1609056164528517000,1411,1609056164528517000,-4.39064958787,-6.50632958946,5.20145830118,0.232090753934,0.972576585422,-0.0083486965221,-0.0126081994357,-0.232652047942,-0.702116568143,-0.0221835982687,0.0,0.0,0.0
1609056164628193000,1412,1609056164628193000,-4.41202812509,-6.56810588986,5.19695645098,0.232193851728,0.972562499766,-0.00695634247717,-0.0126415413457,-0.233719492733,-0.690156020437,0.00605813066723,0.0,0.0,0.0
1609056164728204000,1413,1609056164728204000,-4.43521835008,-6.6360118606,5.19612165983,0.232141691291,0.972569142503,-0.0072708471453,-0.0129086403883,-0.232535766136,-0.685756226199,0.0120769367833,0.0,0.0,0.0
1609056164828261000,1414,1609056164828261000,-4.459022892,-6.70557051897,5.19974006557,0.232012741474,0.972588829832,-0.00918915612312,-0.0125146030766,-0.232460326527,-0.678895316297,0.0131785519021,0.0,0.0,0.0
1609056164928274000,1415,1609056164928274000,-4.48327514202,-6.77257317739,5.20239374781,0.231880216321,0.972590153913,-0.0130303801768,-0.011409074628,-0.233343729725,-0.664887533187,0.0148653667414,0.0,0.0,0.0
1609056165028353000,1416,1609056165028353000,-4.50649084207,-6.84108198678,5.20916535892,0.231911823031,0.972533389626,-0.0158792785642,-0.0119816907311,-0.234940463436,-0.642435651544,0.0299292854094,0.0,0.0,0.0
1609056165128363000,1417,1609056165128363000,-4.53039166238,-6.90271108052,5.21355418112,0.23199424261,0.972398485882,-0.0212230300142,-0.0130168754559,-0.230447200994,-0.610655174697,0.0460460968517,0.0,0.0,0.0
1609056165228397000,1418,1609056165228397000,-4.55312678114,-6.96387120615,5.21740284157,0.232058282064,0.972355518707,-0.0221193655622,-0.0135805976794,-0.216036689764,-0.564293439638,0.0520190023192,0.0,0.0,0.0
1609056165328424000,1419,1609056165328424000,-4.57431815584,-7.01904330461,5.22276916076,0.232010666545,0.972439535508,-0.019013477707,-0.0130724158072,-0.212707470969,-0.538635023481,0.052144842867,0.0,0.0,0.0
1609056165428502000,1420,1609056165428502000,-4.59601988552,-7.07358081952,5.22943508048,0.231894248316,0.972492495431,-0.0178372679296,-0.0128544078819,-0.204140428651,-0.507737638259,0.0457706612405,0.0,0.0,0.0
1609056165528577000,1421,1609056165528577000,-4.61620637348,-7.12768719047,5.23384097993,0.231783528609,0.97264263124,-0.0108101387,-0.0112182290087,-0.200503144235,-0.488757241941,0.049798495926,0.0,0.0,0.0
1609056165628458000,1422,1609056165628458000,-4.63492288273,-7.17254500289,5.23994667556,0.231733476938,0.972706525756,-0.00682542329776,-0.0097480262404,-0.206624569595,-0.481257028271,0.0491797687663,0.0,0.0,0.0
1609056165728483000,1423,1609056165728483000,-4.65386596281,-7.2139973861,5.24664830325,0.231653440654,0.972748971793,-0.00402525668448,-0.00893972129722,-0.21510920012,-0.477287508157,0.0600142479222,0.0,0.0,0.0
1609056165828516000,1424,1609056165828516000,-4.67304610446,-7.25889468252,5.24875954775,0.231527639897,0.972768298448,-0.00425571407834,-0.00993369997953,-0.223474453719,-0.477586767418,0.0703090863777,0.0,0.0,0.0
1609056165928748000,1425,1609056165928748000,-4.6969910811,-7.30808966735,5.25535463774,0.23145553818,0.972780037113,-0.00413587181661,-0.0104989430067,-0.230134674325,-0.476670288385,0.0716290710335,0.0,0.0,0.0
1609056166028599000,1426,1609056166028599000,-4.72064797953,-7.35475850856,5.26570007004,0.231336169537,0.972802028591,-0.00492731505204,-0.0107476229451,-0.232266360441,-0.473067300663,0.0663106675073,0.0,0.0,0.0
1609056166128627000,1427,1609056166128627000,-4.74515890108,-7.40294336181,5.27516876464,0.231267683905,0.972839847997,-0.00491284123091,-0.00858792878388,-0.239169659724,-0.46604425358,0.0690103870612,0.0,0.0,0.0
1609056166228678000,1428,1609056166228678000,-4.77005186425,-7.44936543026,5.2832062087,0.231072018782,0.972885377298,-0.00618180260969,-0.00784538662997,-0.250217812945,-0.462759155392,0.0670332965909,0.0,0.0,0.0
1609056166328703000,1429,1609056166328703000,-4.79491835249,-7.49268229042,5.28930600456,0.231020475452,0.972892252069,-0.00743881721346,-0.00740741410806,-0.263365859632,-0.459724886914,0.0674774206408,0.0,0.0,0.0
1609056166428832000,1430,1609056166428832000,-4.82536485047,-7.54206889747,5.29601724208,0.231281681386,0.972795066726,-0.0107659779467,-0.00791427363891,-0.272167999039,-0.448181276982,0.0616827365026,0.0,0.0,0.0
1609056166528810000,1431,1609056166528810000,-4.85368113108,-7.58647405295,5.30083610139,0.231222111182,0.972796817823,-0.0119131142036,-0.00779514229866,-0.279627551118,-0.432020388491,0.067312609181,0.0,0.0,0.0
1609056166628798000,1432,1609056166628798000,-4.88211746445,-7.63169534054,5.30396544223,0.231239495538,0.972776824416,-0.0120128730585,-0.00944650534926,-0.282823763131,-0.408407567607,0.0700862583049,0.0,0.0,0.0
1609056166728808000,1433,1609056166728808000,-4.9099984118,-7.67133120458,5.31068855813,0.231095845141,0.972797125565,-0.0118975506687,-0.010904638412,-0.286548502131,-0.397597946679,0.0610730422137,0.0,0.0,0.0
1609056166828842000,1434,1609056166828842000,-4.93827056835,-7.70583044153,5.32034864701,0.231120270683,0.972719110581,-0.015968917036,-0.0120808145234,-0.282524191259,-0.374226857581,0.0262148380162,0.0,0.0,0.0
1609056166928917000,1435,1609056166928917000,-4.96986037374,-7.74437426676,5.32528051264,0.231381475632,0.972626816039,-0.0180239359649,-0.0116115110362,-0.278812579687,-0.350876339944,0.00972542783437,0.0,0.0,0.0
1609056167028951000,1436,1609056167028951000,-4.99716827816,-7.77603610398,5.32695654782,0.231591942885,0.972571294141,-0.018706510897,-0.0109688765739,-0.274065640874,-0.31978667075,0.00799040169342,0.0,0.0,0.0
1609056167129167000,1437,1609056167129167000,-5.02600016433,-7.80795511063,5.32710386192,0.231810441854,0.972530896516,-0.018529281846,-0.0102098032821,-0.271388855613,-0.289066938131,-0.00173415436781,0.0,0.0,0.0
1609056167228948000,1438,1609056167228948000,-5.05440731678,-7.83821083522,5.32632839527,0.232043703889,0.97253830934,-0.0157012232339,-0.00885595504962,-0.271102136879,-0.261565717424,-0.00215899088655,0.0,0.0,0.0
1609056167328976000,1439,1609056167328976000,-5.08051294082,-7.86202242889,5.32651707705,0.232228781792,0.972550168151,-0.0116832558464,-0.00891430705581,-0.27511477201,-0.24414303046,-0.000668613745836,0.0,0.0,0.0
1609056167429008000,1440,1609056167429008000,-5.10104024547,-7.87390085845,5.32322119247,0.231524110135,0.972731547602,-0.00908572043492,-0.0103620659481,-0.284174304713,-0.245693243966,-0.0176074347032,0.0,0.0,0.0
1609056167529098000,1441,1609056167529098000,-5.11815412087,-7.87810867871,5.31887491089,0.227467576145,0.973669919771,-0.00905023657299,-0.0119784119422,-0.28569122674,-0.245582678852,-0.0237771408404,0.0,0.0,0.0
1609056167629116000,1442,1609056167629116000,-5.1434114916,-7.89796512469,5.31845496112,0.224198556427,0.97441942423,-0.00862657874886,-0.0129373535975,-0.279700912753,-0.226745640634,-0.027673004707,0.0,0.0,0.0
1609056167729122000,1443,1609056167729122000,-5.16970036458,-7.9178276954,5.31303236736,0.223190443981,0.974637612445,-0.00823015094135,-0.014135584124,-0.272056569449,-0.216137343943,-0.0172269126597,0.0,0.0,0.0
1609056167829117000,1444,1609056167829117000,-5.20031683988,-7.9429319565,5.30944113074,0.222876879099,0.974668811523,-0.00876912128098,-0.0164227622326,-0.264984060055,-0.209876999892,-0.0204033201856,0.0,0.0,0.0
1609056167929190000,1445,1609056167929190000,-5.22996111396,-7.96858995698,5.30988359905,0.222788671774,0.974698197448,-0.00724111594726,-0.016619201596,-0.255853225778,-0.204869606827,-0.0255349025386,0.0,0.0,0.0
1609056168029194000,1446,1609056168029194000,-5.26429985355,-7.99634392808,5.30785386468,0.222880447779,0.974643239757,-0.00831753169601,-0.0180466024468,-0.252706272053,-0.214293726902,-0.0281987027168,0.0,0.0,0.0
1609056168129194000,1447,1609056168129194000,-5.28716522269,-8.01284882457,5.30463866781,0.221890516374,0.974855776688,-0.00962855714793,-0.018113649213,-0.238501647306,-0.208021848257,-0.0416481924376,0.0,0.0,0.0
1609056168229259000,1448,1609056168229259000,-5.31071858249,-8.03364801583,5.30284492471,0.220594637766,0.975168001698,-0.00864901780617,-0.0176229607134,-0.223804711692,-0.202177918853,-0.0526793695618,0.0,0.0,0.0
1609056168329279000,1449,1609056168329279000,-5.33233813779,-8.05120805033,5.2993538925,0.218258889541,0.975724019344,-0.00779938269848,-0.0162746686743,-0.216367040356,-0.205033870826,-0.0582945496711,0.0,0.0,0.0
1609056168429355000,1450,1609056168429355000,-5.3531351086,-8.06722846571,5.29522537606,0.214444515457,0.976597329293,-0.00777059217051,-0.0145197832496,-0.208736932282,-0.20238904618,-0.0696940529928,0.0,0.0,0.0
1609056168529368000,1451,1609056168529368000,-5.37470832043,-8.08764487601,5.28834235232,0.210504962005,0.977490146268,-0.00635885242524,-0.0126585906078,-0.20310769924,-0.198563432501,-0.0684849057345,0.0,0.0,0.0
1609056168629416000,1452,1609056168629416000,-5.40066558237,-8.10951912857,5.28336702685,0.207047167231,0.97823547479,-0.00658644557628,-0.0119768584307,-0.203459924162,-0.192285584825,-0.057332255391,0.0,0.0,0.0
1609056168729427000,1453,1609056168729427000,-5.4212969428,-8.13006099748,5.27495148304,0.203436727024,0.979006255726,-0.00464054378983,-0.0117777204885,-0.200458853647,-0.188744566836,-0.0803883953613,0.0,0.0,0.0
1609056168829430000,1454,1609056168829430000,-5.44721995329,-8.15240350835,5.26464644571,0.2003075652,0.979646740397,-0.00386362084567,-0.0124183648943,-0.203578887242,-0.191777703804,-0.076875912161,0.0,0.0,0.0
1609056168929432000,1455,1609056168929432000,-5.46691355705,-8.17122874019,5.25622623395,0.19752028141,0.980208367318,-0.00302430492606,-0.0129672144932,-0.198049320393,-0.187702833968,-0.0734921309264,0.0,0.0,0.0
1609056169029473000,1456,1609056169029473000,-5.48989947778,-8.19617533951,5.25062600205,0.195574088571,0.980596674181,-0.00289451016238,-0.0131362199828,-0.1941001015,-0.18971722851,-0.0609654253134,0.0,0.0,0.0
1609056169129525000,1457,1609056169129525000,-5.52029487541,-8.22880815997,5.24597336355,0.195093172415,0.980686736462,-0.00323406967826,-0.0134803485737,-0.191113354986,-0.194933609536,-0.0520034841752,0.0,0.0,0.0
1609056169229520000,1458,1609056169229520000,-5.5384140726,-8.24836186111,5.24166403539,0.195196926512,0.98065267799,-0.00338577296699,-0.0143882442636,-0.183650761379,-0.191320180614,-0.0404425775089,0.0,0.0,0.0
1609056169329604000,1459,1609056169329604000,-5.55495600923,-8.26727761895,5.23464787325,0.19535343688,0.980591673188,-0.0030474005721,-0.0163621063075,-0.176139829913,-0.199650786243,-0.0560216899088,0.0,0.0,0.0
1609056169429625000,1460,1609056169429625000,-5.56971960298,-8.28692883894,5.22828186083,0.19476695657,0.980689253377,-0.00151846157205,-0.0176667827606,-0.166212059587,-0.212627878476,-0.054848535974,0.0,0.0,0.0
1609056169529655000,1461,1609056169529655000,-5.5841232907,-8.30848775234,5.2226476347,0.193930296073,0.980836369466,-0.000358879001959,-0.0187330671189,-0.149536370623,-0.222315915024,-0.0734252044755,0.0,0.0,0.0
1609056169629707000,1462,1609056169629707000,-5.60045679528,-8.33390083399,5.21807042488,0.192975373883,0.981047760445,0.00305110285858,-0.0172188144931,-0.137594801453,-0.234901855714,-0.105584153049,0.0,0.0,0.0
1609056169729713000,1463,1609056169729713000,-5.62089194571,-8.36862820242,5.20874363265,0.191754871122,0.98130680378,0.00532585531557,-0.0154486737842,-0.137711227569,-0.266654486794,-0.109923301283,0.0,0.0,0.0
1609056169829751000,1464,1609056169829751000,-5.63407848002,-8.39277674968,5.19687774377,0.189539780312,0.98177060566,0.00488234845532,-0.0133158633121,-0.1399437933,-0.289365725849,-0.115416247821,0.0,0.0,0.0
1609056169929833000,1465,1609056169929833000,-5.64616188938,-8.41967151546,5.18671605276,0.186734569459,0.982326857456,0.00463672128849,-0.0119434712587,-0.144223594349,-0.305487852275,-0.091716834715,0.0,0.0,0.0
1609056170029761000,1466,1609056170029761000,-5.65860574716,-8.45067085381,5.17662424856,0.183801034607,0.982890837822,0.00282872675571,-0.0116094318597,-0.147923209412,-0.317913353319,-0.0793045661332,0.0,0.0,0.0
1609056170129822000,1467,1609056170129822000,-5.6765607126,-8.48576929179,5.17023398309,0.180685916949,0.983454078151,0.00132208943776,-0.0129972175487,-0.152035130263,-0.328494909579,-0.0742225779734,0.0,0.0,0.0
1609056170229846000,1468,1609056170229846000,-5.68931502973,-8.51712581687,5.15889827537,0.176853995996,0.984137995999,0.00134088447425,-0.013902192647,-0.152615278136,-0.345708707109,-0.0713111590674,0.0,0.0,0.0
1609056170329842000,1469,1609056170329842000,-5.70159390285,-8.55108822138,5.15093670119,0.171547192006,0.985062461281,0.000525082427815,-0.0149409697923,-0.149858032699,-0.361646019019,-0.0834166764305,0.0,0.0,0.0
1609056170429944000,1470,1609056170429944000,-5.71832156331,-8.59207302666,5.14760915179,0.165586207948,0.986055994575,0.000612052002319,-0.0165652857489,-0.144015985106,-0.380587957942,-0.0948611002817,0.0,0.0,0.0
1609056170529892000,1471,1609056170529892000,-5.73087894733,-8.63105078118,5.13761125685,0.158047667694,0.987286120976,0.000329437536718,-0.016939348761,-0.131897534717,-0.392566290637,-0.0948852756106,0.0,0.0,0.0
1609056170629925000,1472,1609056170629925000,-5.7401913557,-8.6705975783,5.13383680263,0.150606842793,0.988469716112,0.000868995804117,-0.0156347075262,-0.11898896408,-0.395889845091,-0.0910207730745,0.0,0.0,0.0
1609056170729992000,1473,1609056170729992000,-5.75127556568,-8.71435363793,5.12824882162,0.142965781575,0.989624500612,-0.000210330049438,-0.0142859668259,-0.115733570783,-0.407015585837,-0.0793722966295,0.0,0.0,0.0
1609056170829980000,1474,1609056170829980000,-5.76309265166,-8.75518405374,5.1197840422,0.134397173045,0.99082026886,-0.00198874214519,-0.0144443621456,-0.113498362083,-0.410205062794,-0.0348092689572,0.0,0.0,0.0
1609056170930069000,1475,1609056170930069000,-5.76762451227,-8.79436413513,5.11849244101,0.127128136015,0.991751977291,-0.00320002041905,-0.0160066374641,-0.102276665592,-0.406775347749,-0.0100412612993,0.0,0.0,0.0
1609056171030140000,1476,1609056171030140000,-5.77439456637,-8.84250447957,5.11987820568,0.120233108128,0.992566956514,-0.00356360233016,-0.0184969534042,-0.0847894801722,-0.412519564184,-0.00518018545492,0.0,0.0,0.0
1609056171130100000,1477,1609056171130100000,-5.78320091604,-8.88412102288,5.11941132885,0.113218984798,0.993371319443,-0.00458795935362,-0.0193347826013,-0.0670809626237,-0.413366304949,-0.00642606073634,0.0,0.0,0.0
1609056171230170000,1478,1609056171230170000,-5.78581462479,-8.9319935038,5.12033246802,0.10616913642,0.994146853152,-0.00329249553629,-0.0197308974365,-0.0479854089193,-0.425496823383,0.00529617496525,0.0,0.0,0.0
1609056171330149000,1479,1609056171330149000,-5.78922552113,-8.9737404222,5.1209106028,0.0989210792799,0.994890260022,-0.00229644473246,-0.0200678082909,-0.026003201938,-0.427892814478,0.0119345462969,0.0,0.0,0.0
1609056171430202000,1480,1609056171430202000,-5.79108936304,-9.02371766997,5.12455730074,0.0912940041873,0.995654197862,-0.000415985970569,-0.0183834173926,-0.0089775814702,-0.446320586473,0.0135325438908,0.0,0.0,0.0
1609056171530208000,1481,1609056171530208000,-5.79174340431,-9.06854688886,5.12587853211,0.0831680856081,0.996391419281,0.00150513209035,-0.0168802753733,0.0042859875043,-0.455702826808,0.017434687819,0.0,0.0,0.0
1609056171630220000,1482,1609056171630220000,-5.78614104992,-9.11555362674,5.12843636,0.0754356588732,0.997041625573,0.00354813959681,-0.0143132438578,0.019788805727,-0.470612677414,0.0150121725554,0.0,0.0,0.0
1609056171730300000,1483,1609056171730300000,-5.77981875137,-9.16505914168,5.13530097997,0.0677388342976,0.997607132316,0.00391747277743,-0.01327076816,0.0284564093961,-0.488995540157,0.0351060058597,0.0,0.0,0.0
1609056171830334000,1484,1609056171830334000,-5.77290517812,-9.21320979092,5.140404775,0.0603331619498,0.998089601925,0.00301193251062,-0.0129608780926,0.0382527403535,-0.500903634335,0.0479165386579,0.0,0.0,0.0
1609056171930340000,1485,1609056171930340000,-5.76644633683,-9.26380978738,5.14455515789,0.0533698488374,0.998483688746,0.00148580201134,-0.0134080175638,0.0444228950028,-0.508303330233,0.0686225324855,0.0,0.0,0.0
1609056172030363000,1486,1609056172030363000,-5.76084932887,-9.31667230201,5.1480816456,0.0465516036174,0.998790380357,0.000676481009554,-0.0158198192528,0.055109621199,-0.521658555705,0.0604970119586,0.0,0.0,0.0
1609056172130485000,1487,1609056172130485000,-5.75281816087,-9.36941521324,5.15308707253,0.0400713448338,0.999052210235,-0.00129637998594,-0.0169495706681,0.0721540422301,-0.529556953936,0.0537754454422,0.0,0.0,0.0
1609056172230435000,1488,1609056172230435000,-5.74392265907,-9.42256401414,5.15831595552,0.0340468485841,0.9992725697,-0.00242209585144,-0.0170081450538,0.088605742661,-0.520450147192,0.0613403085234,0.0,0.0,0.0
1609056172330468000,1489,1609056172330468000,-5.73528108623,-9.47510987499,5.16514781945,0.0286562381618,0.999443536584,-0.003618284312,-0.0166836810769,0.0995433932958,-0.518412843234,0.0545072309696,0.0,0.0,0.0
1609056172430514000,1490,1609056172430514000,-5.72493891706,-9.52816749771,5.17099881692,0.0239090789382,0.999553462314,-0.00322182960469,-0.0176309879223,0.110882120235,-0.518189266713,0.0613035925977,0.0,0.0,0.0
1609056172530479000,1491,1609056172530479000,-5.71331826516,-9.57976061593,5.17759204133,0.019585035719,0.999660925765,-0.00243002036661,-0.0169869030314,0.12522361789,-0.517347870682,0.0560686655317,0.0,0.0,0.0
1609056172630546000,1492,1609056172630546000,-5.70129741892,-9.63292365999,5.18173722832,0.0152907540505,0.999779923888,-0.000219459809383,-0.0143613532936,0.132559209511,-0.526028566991,0.0560427922408,0.0,0.0,0.0
1609056172730556000,1493,1609056172730556000,-5.68802495448,-9.68554101324,5.18608877229,0.0104615160234,0.99988009713,0.00358393035685,-0.0108399026613,0.135591950179,-0.542925637566,0.0163586112064,0.0,0.0,0.0
1609056172830601000,1494,1609056172830601000,-5.67530163562,-9.74033472931,5.18777981132,0.00570012590401,0.999957127864,0.00345162161543,-0.00642940951309,0.130897610483,-0.555941895506,-0.00750766279848,0.0,0.0,0.0
1609056172930643000,1495,1609056172930643000,-5.66305261321,-9.79743940192,5.18633257283,0.000324601035351,0.999995176979,0.00267758133132,-0.00153987341681,0.11305651102,-0.57711424314,-0.0128194809138,0.0,0.0,0.0
1609056173030684000,1496,1609056173030684000,-5.6505505507,-9.85454760629,5.18300317839,-0.00516110706876,0.999986318641,0.000537998556498,0.000660350115351,0.0914826280688,-0.587109242292,-0.00724830363518,0.0,0.0,0.0
1609056173130764000,1497,1609056173130764000,-5.6415150172,-9.91438826166,5.17923451444,-0.0108340523325,0.999935918799,-0.00319765105121,-0.000746078128306,0.0670301256735,-0.591199215788,0.00256249600339,0.0,0.0,0.0
1609056173230904000,1498,1609056173230904000,-5.63347053604,-9.97232704875,5.17492694531,-0.0165150138306,0.999851485048,-0.00233471216166,-0.004337197831,0.0530487203081,-0.588980672916,-0.00690028159109,0.0,0.0,0.0
1609056173330770000,1499,1609056173330770000,-5.62845700383,-10.0310319848,5.173719012,-0.0221766512153,0.999713181463,-0.00319599585054,-0.00845792889938,0.046799176797,-0.588417700713,-0.0227934525358,0.0,0.0,0.0
1609056173430768000,1500,1609056173430768000,-5.62303641676,-10.0889034586,5.16898751819,-0.0278042784581,0.999535805154,-0.00445877280921,-0.0116282268735,0.0507147828554,-0.586225322842,-0.0314963461857,0.0,0.0,0.0
1609056173530786000,1501,1609056173530786000,-5.61761487367,-10.1497326444,5.16663858751,-0.0335637818271,0.999333608739,-0.00623118272861,-0.0129222039917,0.0549828432771,-0.575475991952,-0.0528901062914,0.0,0.0,0.0
1609056173630838000,1502,1609056173630838000,-5.61255130403,-10.2087934019,5.162683505,-0.0392369551891,0.999116928042,-0.00546819235109,-0.0139972969069,0.0585847702475,-0.56616419958,-0.0517328276891,0.0,0.0,0.0
1609056173730931000,1503,1609056173730931000,-5.60606747295,-10.2669543915,5.16166752332,-0.0451866906086,0.998866114853,-0.00446879549909,-0.0143065529473,0.0744695162451,-0.569325556774,-0.0517787467293,0.0,0.0,0.0
1609056173830933000,1504,1609056173830933000,-5.59845137154,-10.3232944307,5.1576523485,-0.0514422990547,0.998587448017,-0.00257819594021,-0.0130442108634,0.081800411959,-0.563245998871,-0.0317148166883,0.0,0.0,0.0
1609056173930960000,1505,1609056173930960000,-5.59153138189,-10.3763455883,5.1563864581,-0.0579073103287,0.998220151273,-0.00289387671158,-0.0139606045678,0.0858964436328,-0.5692704298,-0.0101075177819,0.0,0.0,0.0
1609056174030954000,1506,1609056174030954000,-5.58245848819,-10.4305899427,5.15263524549,-0.0646636261163,0.997747643481,-0.00397681938316,-0.0173908106119,0.096376785101,-0.565934897565,-0.00508443890921,0.0,0.0,0.0
1609056174130965000,1507,1609056174130965000,-5.57218651036,-10.4870123261,5.1538789005,-0.0710759614006,0.997217540527,-0.00707163565367,-0.0213395535663,0.120151776916,-0.561220769824,0.00474187962541,0.0,0.0,0.0
1609056174231075000,1508,1609056174231075000,-5.56046905463,-10.5391445691,5.15509816632,-0.0774866418436,0.996647498769,-0.011649907995,-0.0235342978864,0.14529569826,-0.543280119852,0.0158363937123,0.0,0.0,0.0
1609056174331169000,1509,1609056174331169000,-5.54732375518,-10.5872133492,5.15709508652,-0.08371124965,0.996052160464,-0.0141180286844,-0.0259461284938,0.168062644251,-0.508340948722,0.0433692073469,0.0,0.0,0.0
1609056174431095000,1510,1609056174431095000,-5.52977982762,-10.6427333764,5.16351645649,-0.0898702723221,0.995385302952,-0.0154065144707,-0.0299010389776,0.203710462616,-0.488172438276,0.0457980299191,0.0,0.0,0.0
1609056174531166000,1511,1609056174531166000,-5.50680111024,-10.6911004885,5.16974501714,-0.0959373901314,0.994703449137,-0.0145934970085,-0.0338835549183,0.248533357077,-0.457487886012,0.0513865726327,0.0,0.0,0.0
1609056174631250000,1512,1609056174631250000,-5.47893719524,-10.7449590288,5.1794550799,-0.101774806302,0.994061720001,-0.0140817233575,-0.0358453720476,0.29797674878,-0.431793358106,0.0567953283804,0.0,0.0,0.0
1609056174731214000,1513,1609056174731214000,-5.44654788616,-10.7854764301,5.18976828557,-0.107903291699,0.993462205825,-0.0120661298663,-0.0352722801561,0.349245879748,-0.402974613179,0.0825384551448,0.0,0.0,0.0
1609056174831275000,1514,1609056174831275000,-5.4101087031,-10.8222525592,5.20216188045,-0.11408809009,0.992867365533,-0.0104468990081,-0.0330024917364,0.397120415845,-0.378899442429,0.083424833883,0.0,0.0,0.0
1609056174931241000,1515,1609056174931241000,-5.36905210161,-10.8557879814,5.21239609255,-0.120193202249,0.992268742759,-0.010631167088,-0.0290398788336,0.437044307547,-0.359435599647,0.0829771716338,0.0,0.0,0.0
1609056175031305000,1516,1609056175031305000,-5.32537501803,-10.8890431473,5.22045838078,-0.126359457041,0.991610230608,-0.0112648528395,-0.0248101039906,0.468564450756,-0.333630636077,0.0822405567933,0.0,0.0,0.0
1609056175131344000,1517,1609056175131344000,-5.27721698617,-10.9251017244,5.22548930867,-0.132343535676,0.990962751986,-0.0101320335251,-0.0193740712679,0.485661163314,-0.315935822703,0.0706921487424,0.0,0.0,0.0
1609056175231400000,1518,1609056175231400000,-5.22834283548,-10.961953988,5.22991198706,-0.138146081048,0.990250277776,-0.00860748430752,-0.0156830759065,0.495898187884,-0.307730181998,0.0699591801803,0.0,0.0,0.0
1609056175331420000,1519,1609056175331420000,-5.17842170102,-10.9925712395,5.23642703105,-0.143808436003,0.989481265018,-0.00651314405093,-0.0142667048463,0.501981268992,-0.292714002356,0.0796149909635,0.0,0.0,0.0
1609056175431466000,1520,1609056175431466000,-5.1279819013,-11.0178288826,5.24349502177,-0.149658682747,0.988627417479,-0.00141070729912,-0.0147009520815,0.504287124609,-0.280589483325,0.0710312957803,0.0,0.0,0.0
1609056175531461000,1521,1609056175531461000,-5.07651165638,-11.0453332049,5.2477161291,-0.155536315462,0.987683788784,0.00587402239541,-0.015958815923,0.515849403893,-0.293619301939,0.0592818654177,0.0,0.0,0.0
1609056175631462000,1522,1609056175631462000,-5.02574186501,-11.0722952263,5.25298467727,-0.161606809415,0.986675117375,0.00780908008852,-0.0171601332229,0.530109775487,-0.315950821159,0.0470363481714,0.0,0.0,0.0
1609056175731489000,1523,1609056175731489000,-4.97282256745,-11.0997879034,5.25432194364,-0.167849618323,0.985638853457,0.00518443976504,-0.0177673230559,0.547994536517,-0.330478983237,0.0437901623096,0.0,0.0,0.0
1609056175831565000,1524,1609056175831565000,-4.91709105478,-11.1355540591,5.26034811469,-0.173938290145,0.984604720088,-0.00105850245815,-0.0172596631865,0.565249856253,-0.341378857112,0.0334092152664,0.0,0.0,0.0
1609056175931561000,1525,1609056175931561000,-4.86141482225,-11.1707758156,5.26145148364,-0.179989992474,0.983538611208,-0.00424298937581,-0.0154077874022,0.574435643454,-0.338979272584,0.031436366061,0.0,0.0,0.0
1609056176031595000,1526,1609056176031595000,-4.80272615096,-11.208686631,5.26444116204,-0.186384558953,0.982344767092,-0.00697452664099,-0.0145227658759,0.582450646655,-0.337803312212,0.0111886111461,0.0,0.0,0.0
1609056176131608000,1527,1609056176131608000,-4.7451074083,-11.245399744,5.2656120762,-0.195152314733,0.980651752233,-0.00755844798747,-0.0134381829123,0.591891559294,-0.345039952371,-0.0119686629552,0.0,0.0,0.0
1609056176231718000,1528,1609056176231718000,-4.68605801976,-11.2750777222,5.2650822452,-0.204688799654,0.978715901296,-0.00699453787433,-0.0129906230338,0.594308942654,-0.327527090322,-0.00976249241073,0.0,0.0,0.0
1609056176331689000,1529,1609056176331689000,-4.62585104848,-11.3103607672,5.26458554301,-0.212830522872,0.97698400632,-0.00653974899824,-0.0127534941414,0.596226863381,-0.318276852562,-0.00770380976217,0.0,0.0,0.0
1609056176431704000,1530,1609056176431704000,-4.56574453041,-11.3444352042,5.26477705352,-0.220354646018,0.975313961307,-0.00797379313496,-0.0119551445105,0.596424479305,-0.316124741841,0.00805031045699,0.0,0.0,0.0
1609056176531863000,1531,1609056176531863000,-4.50588051431,-11.3778764397,5.26674922366,-0.227806653567,0.973574864263,-0.00982560164592,-0.0126320947634,0.600965060939,-0.313305254785,0.0196300394408,0.0,0.0,0.0
1609056176631745000,1532,1609056176631745000,-4.44570491159,-11.4101802563,5.26907759616,-0.235698313193,0.971662403999,-0.0110091810465,-0.0140454884669,0.604325306208,-0.301763648954,0.021208741439,0.0,0.0,0.0
1609056176731852000,1533,1609056176731852000,-4.38381657599,-11.4426812221,5.26973908527,-0.24306191555,0.969824021805,-0.0125998684727,-0.0142658772695,0.6113798338,-0.284395545357,-0.0140786614672,0.0,0.0,0.0
1609056176831811000,1534,1609056176831811000,-4.32067676976,-11.4736364696,5.27019710322,-0.250095970908,0.968046917808,-0.0117464370132,-0.0141135210121,0.61380044146,-0.269910878625,-0.000534217791275,0.0,0.0,0.0
1609056176931807000,1535,1609056176931807000,-4.25784576189,-11.5020197996,5.27363753961,-0.257227631229,0.966173968751,-0.0124581818014,-0.0136602176478,0.618192262614,-0.254504934914,0.0190691511765,0.0,0.0,0.0
1609056177031848000,1536,1609056177031848000,-4.19633580115,-11.5267598963,5.27571388814,-0.264653225949,0.964175292552,-0.0114555770187,-0.0139084499993,0.61665704813,-0.237768711948,0.018012219542,0.0,0.0,0.0
1609056177131935000,1537,1609056177131935000,-4.13275848432,-11.5541598977,5.27741679315,-0.272438380476,0.96201893597,-0.00760601538633,-0.0154610546087,0.623714184942,-0.22854036097,0.00641730019752,0.0,0.0,0.0
1609056177231906000,1538,1609056177231906000,-4.07046087855,-11.5787067557,5.2770666678,-0.280285245929,0.959757837274,-0.00545697794329,-0.0165920492291,0.636720984121,-0.232620474998,-0.00927964245909,0.0,0.0,0.0
1609056177331917000,1539,1609056177331917000,-4.00641170741,-11.6047415019,5.27529744701,-0.288225453242,0.957390839247,-0.00418303697057,-0.0176457142178,0.650485109981,-0.234984321127,-0.0122481807495,0.0,0.0,0.0
1609056177431967000,1540,1609056177431967000,-3.94035983214,-11.6299728345,5.27318189472,-0.295984181642,0.955012779958,-0.00340723471794,-0.0182303342049,0.666975532447,-0.233309189295,-0.0201300000586,0.0,0.0,0.0
1609056177532040000,1541,1609056177532040000,-3.87201178483,-11.6550830721,5.27139272302,-0.303783470801,0.952557614103,-0.000800919974155,-0.0186802893057,0.688119977675,-0.239515284252,-0.0190842675478,0.0,0.0,0.0
1609056177632101000,1542,1609056177632101000,-3.80197363214,-11.681333919,5.27188601206,-0.311941277903,0.949925633144,-3.78902892832e-05,-0.0182737297997,0.711047442256,-0.249528078579,0.00550420556243,0.0,0.0,0.0
1609056177731974000,1543,1609056177731974000,-3.72903231551,-11.7087730003,5.2730601387,-0.320417799522,0.947134485287,0.000275290640455,-0.0163897755912,0.737404852634,-0.262690464633,0.00881685471931,0.0,0.0,0.0
1609056177832071000,1544,1609056177832071000,-3.65501959928,-11.7365231997,5.27271041329,-0.328754002787,0.944317942675,-0.00131076948371,-0.0135170513264,0.748760354599,-0.268949967559,0.0143745506834,0.0,0.0,0.0
1609056177932096000,1545,1609056177932096000,-3.57854513627,-11.765679578,5.27288864887,-0.336844026149,0.941481235755,-0.00065199823882,-0.012196707208,0.759126501658,-0.280033836016,0.0157783389098,0.0,0.0,0.0
1609056178032181000,1546,1609056178032181000,-3.50144335151,-11.7970248939,5.27520849515,-0.344867426809,0.938591762294,-0.00128820176607,-0.0105024862222,0.770798798755,-0.293871442634,0.0375694328213,0.0,0.0,0.0
1609056178132192000,1547,1609056178132192000,-3.42450281031,-11.8280643174,5.27883796298,-0.352841792207,0.935636951773,-0.0026671664042,-0.00889102767893,0.77331010582,-0.303499542705,0.0493520993625,0.0,0.0,0.0
1609056178232193000,1548,1609056178232193000,-3.34715918977,-11.8595196115,5.2828650466,-0.360756002481,0.932618291338,-0.00319431881475,-0.00824776716888,0.772066827328,-0.307167211761,0.0448066718701,0.0,0.0,0.0
1609056178332267000,1549,1609056178332267000,-3.26918147416,-11.8912597929,5.28679881413,-0.368783484782,0.929466884682,-0.00440345846871,-0.00840602080804,0.774003136773,-0.313173340997,0.0379707308192,0.0,0.0,0.0
1609056178432254000,1550,1609056178432254000,-3.1909233125,-11.9239942469,5.28969949528,-0.376999333825,0.926153520258,-0.00356064172987,-0.00992376143156,0.779113137163,-0.31962044297,0.0421995987263,0.0,0.0,0.0
1609056178532318000,1551,1609056178532318000,-3.11175498375,-11.9571421441,5.2923530397,-0.385164185829,0.92276671149,-0.00370482428,-0.0116799142976,0.78203427705,-0.322867772275,0.0410943792268,0.0,0.0,0.0
1609056178632332000,1552,1609056178632332000,-3.03167905202,-11.9900560397,5.29637199259,-0.393368497905,0.91929021947,-0.00441647131964,-0.0121330961786,0.796290968844,-0.32437971086,0.0472553297979,0.0,0.0,0.0
1609056178732447000,1553,1609056178732447000,-2.95077843841,-12.0226220567,5.29974861461,-0.401362956443,0.915838450407,-0.00381733011848,-0.0115385416374,0.807646270453,-0.32476001245,0.0220520842055,0.0,0.0,0.0
1609056178832431000,1554,1609056178832431000,-2.86809994618,-12.0552767732,5.30181013275,-0.409526709653,0.912222985795,-0.00251573298084,-0.0114354429767,0.824357970777,-0.331594537454,0.0185772131398,0.0,0.0,0.0
1609056178932407000,1555,1609056178932407000,-2.78442815859,-12.0883488805,5.30428316014,-0.417562527891,0.908588560917,-0.00276778941979,-0.0100350193408,0.8377456101,-0.337550240515,0.0350056449048,0.0,0.0,0.0
1609056179032494000,1556,1609056179032494000,-2.69770726785,-12.1235192825,5.30768337767,-0.425757906553,0.9047921568,-0.00564857643637,-0.00703218207475,0.848395665127,-0.346062782588,0.0529463147646,0.0,0.0,0.0
1609056179132491000,1557,1609056179132491000,-2.61204832353,-12.1589196196,5.31230415888,-0.434107701386,0.900814845212,-0.00815883447916,-0.00406837356879,0.849737655376,-0.34758377755,0.047239541864,0.0,0.0,0.0
1609056179232480000,1558,1609056179232480000,-2.52709813143,-12.1940171774,5.3192251086,-0.442524009213,0.896700221305,-0.00999699534511,-0.00112892223679,0.843518145391,-0.347831061386,0.0698756764403,0.0,0.0,0.0
1609056179332573000,1559,1609056179332573000,-2.44280836761,-12.2308067305,5.32712359617,-0.450925481531,0.8924885158,-0.0114209037834,0.000149092810043,0.834690461993,-0.356637695329,0.0802510548352,0.0,0.0,0.0
1609056179432518000,1560,1609056179432518000,-2.35897917911,-12.2675697757,5.3348659323,-0.459432997949,0.888109749179,-0.013504262277,-0.000169436835559,0.824181910369,-0.360262791655,0.0854750412177,0.0,0.0,0.0
1609056179532593000,1561,1609056179532593000,-2.27425822769,-12.3059666246,5.34136407222,-0.46768669901,0.883748148544,-0.0160029943594,-0.00150521938955,0.821824805445,-0.363691206183,0.0857650779604,0.0,0.0,0.0
1609056179632611000,1562,1609056179632611000,-2.19035229605,-12.344063669,5.34702114689,-0.475783118075,0.879363101972,-0.0185634788304,-0.00252124930839,0.812709539748,-0.358181736151,0.0660015645688,0.0,0.0,0.0
1609056179732664000,1563,1609056179732664000,-2.10899921738,-12.3809069063,5.35131446234,-0.484021555973,0.874832697236,-0.0193909143908,-0.00385715421853,0.80408657079,-0.348183617715,0.0293195070591,0.0,0.0,0.0
1609056179832724000,1564,1609056179832724000,-2.02951815394,-12.4156028679,5.35280356204,-0.492399343951,0.870146897502,-0.0189433630899,-0.005330275733,0.794337462173,-0.332022888173,0.00885735356865,0.0,0.0,0.0
1609056179932780000,1565,1609056179932780000,-1.94999248809,-12.4487375571,5.35259876498,-0.500836275887,0.865343833345,-0.0171764504737,-0.00693140648868,0.786931330605,-0.315586565547,-0.0119005918972,0.0,0.0,0.0
1609056180032765000,1566,1609056180032765000,-1.8723058726,-12.4794483256,5.35220899985,-0.509074309658,0.860548185162,-0.0159809670882,-0.00669155821675,0.786140509925,-0.304261795584,-0.032416025362,0.0,0.0,0.0
1609056180132759000,1567,1609056180132759000,-1.7897261117,-12.5115135908,5.35006083536,-0.517264121349,0.855691245953,-0.0142360896489,-0.00525871801243,0.790846846143,-0.300531927975,-0.0338620718303,0.0,0.0,0.0
1609056180232784000,1568,1609056180232784000,-1.70839378421,-12.543417395,5.34741740589,-0.525233544269,0.850825218899,-0.014640188042,-0.00344031310699,0.788678469339,-0.301826841926,-0.0231917351936,0.0,0.0,0.0
1609056180332844000,1569,1609056180332844000,-1.6299901799,-12.5748558875,5.34588021824,-0.533047445109,0.845929183845,-0.0159627191787,-0.00307063152356,0.780042501637,-0.300795492806,-0.0160456143875,0.0,0.0,0.0
1609056180432843000,1570,1609056180432843000,-1.55476043689,-12.6035114933,5.34515480561,-0.5407281514,0.841050017434,-0.0153651694701,-0.00344180543052,0.76879444805,-0.292509170314,-0.0147939825225,0.0,0.0,0.0
1609056180532835000,1571,1609056180532835000,-1.47596289029,-12.6339696185,5.34490474342,-0.548254206578,0.836157420601,-0.0157209006246,-0.00330850834402,0.768084514782,-0.29177279692,-0.0133771193789,0.0,0.0,0.0
1609056180632905000,1572,1609056180632905000,-1.39782455094,-12.6633389474,5.34389657284,-0.555726645925,0.831184311986,-0.0168837928378,-0.00393345342543,0.76633126508,-0.284123716295,-0.00814832882045,0.0,0.0,0.0
1609056180732914000,1573,1609056180732914000,-1.32141007495,-12.6899756077,5.34172409294,-0.563172159398,0.826143693954,-0.0172611262931,-0.00507635096735,0.756372262428,-0.270614703848,-0.0102898071164,0.0,0.0,0.0
1609056180833002000,1574,1609056180833002000,-1.24434883319,-12.71549121,5.34030431176,-0.570475587987,0.821104279403,-0.017586090108,-0.00600793580723,0.752708364984,-0.256952006039,-0.00962148798368,0.0,0.0,0.0
1609056180933074000,1575,1609056180933074000,-1.16707088518,-12.7385813187,5.33804720785,-0.57780336512,0.815933432188,-0.0182981375795,-0.00781560329865,0.755208229703,-0.241262772179,-0.0126550542354,0.0,0.0,0.0
1609056181033017000,1576,1609056181033017000,-1.08834291781,-12.7609504115,5.33548293902,-0.585120372024,0.8106804688,-0.0179442719468,-0.0104561395089,0.765380883051,-0.225028648788,-0.015300214737,0.0,0.0,0.0
1609056181133083000,1577,1609056181133083000,-1.01094358584,-12.7814762903,5.33286047338,-0.592451938244,0.805299086385,-0.0187754725088,-0.0118980658391,0.767357073916,-0.205242169003,-0.0363808004175,0.0,0.0,0.0
1609056181233100000,1578,1609056181233100000,-0.930839999362,-12.8013666784,5.33045733122,-0.599630010451,0.799944422954,-0.0196488182322,-0.0121117584739,0.77724184553,-0.184805860314,-0.0508249754909,0.0,0.0,0.0
1609056181333157000,1579,1609056181333157000,-0.850907175009,-12.8186076917,5.327198437,-0.606742126959,0.794580143886,-0.0191456253348,-0.0118250305008,0.782991133373,-0.162840446925,-0.0708948800113,0.0,0.0,0.0
1609056181433229000,1580,1609056181433229000,-0.769882952507,-12.834007833,5.32053725258,-0.613754059079,0.789198384368,-0.0185007464204,-0.0113836486513,0.790863923154,-0.143717442364,-0.0807977545278,0.0,0.0,0.0
1609056181533253000,1581,1609056181533253000,-0.687389514438,-12.8476313309,5.31306778195,-0.62072459932,0.783755029822,-0.0177386252246,-0.0106942135488,0.797519780835,-0.126369279443,-0.0956832601037,0.0,0.0,0.0
1609056181633224000,1582,1609056181633224000,-0.610578961864,-12.8554750083,5.30555401283,-0.627769429325,0.778124038025,-0.018174448937,-0.00991032084964,0.80215996807,-0.106005704995,-0.0875737468781,0.0,0.0,0.0
1609056181733261000,1583,1609056181733261000,-0.531735263658,-12.8626255248,5.29780967641,-0.635057633916,0.772160333079,-0.019298299934,-0.00988924890038,0.806352132768,-0.0877066242009,-0.0699128568704,0.0,0.0,0.0
1609056181833308000,1584,1609056181833308000,-0.451723190206,-12.8708682897,5.29120743581,-0.642424743655,0.766000139527,-0.0204137481108,-0.0108403816021,0.808877754768,-0.0686720914424,-0.0500840896975,0.0,0.0,0.0
1609056181933344000,1585,1609056181933344000,-0.370689239874,-12.8783327997,5.28739286608,-0.650028661797,0.759490843025,-0.0221949429213,-0.0119909429449,0.812557088793,-0.0490249506116,-0.0448767658395,0.0,0.0,0.0
1609056182033494000,1586,1609056182033494000,-0.289966602682,-12.8835821777,5.28371770311,-0.657836853478,0.752704513001,-0.0227683547609,-0.0129688987787,0.815351980354,-0.0227041787405,-0.0315714009374,0.0,0.0,0.0
1609056182133354000,1587,1609056182133354000,-0.208771104512,-12.8862517022,5.28033032815,-0.665577255061,0.745916796242,-0.0214535633391,-0.0124416739099,0.812834121821,-0.000735863663518,-0.0643492765541,0.0,0.0,0.0
1609056182233415000,1588,1609056182233415000,-0.12477152481,-12.8884607043,5.27613693723,-0.673267994888,0.739020687215,-0.0200415011678,-0.0125287333285,0.817944215848,0.0208624777675,-0.063075214623,0.0,0.0,0.0
1609056182333471000,1589,1609056182333471000,-0.0419543206342,-12.8882061882,5.27083220561,-0.680708951477,0.732214729812,-0.0188992183433,-0.0118208447683,0.828580954718,0.0360588074281,-0.0650079656654,0.0,0.0,0.0
1609056182433450000,1590,1609056182433450000,0.0440823117045,-12.8874288985,5.26614238915,-0.688025383317,0.725365587905,-0.0185841662475,-0.0109756348506,0.842183609924,0.0474024879418,-0.0523354304413,0.0,0.0,0.0
1609056182533444000,1591,1609056182533444000,0.131337424691,-12.8856196164,5.26179556949,-0.695222238848,0.718473503235,-0.0195296915686,-0.0089696659757,0.848375593854,0.0606172501085,-0.0476851258275,0.0,0.0,0.0
1609056182633491000,1592,1609056182633491000,0.215853535806,-12.880435139,5.25953727184,-0.703710354102,0.710139401821,-0.0210350380351,-0.00716203091214,0.866074057163,0.073130195549,-0.0354312631603,0.0,0.0,0.0
1609056182733534000,1593,1609056182733534000,0.29477009964,-12.8698171313,5.25877633503,0.713175913849,-0.700629168588,0.0209110519748,0.0078493269516,0.854437320863,0.0922724622172,-0.0166153429601,0.0,0.0,0.0
1609056182833593000,1594,1609056182833593000,0.379318204928,-12.8600004365,5.25720463027,0.721524067271,-0.692016052676,0.0216616124643,0.00689766139789,0.845619473307,0.108062433637,-0.0147889590505,0.0,0.0,0.0
1609056182933591000,1595,1609056182933591000,0.462960501535,-12.8484688455,5.25618139664,0.729347016227,-0.68374443222,0.0224177506283,0.00662765309835,0.838766743687,0.121350607236,-0.0152038785137,0.0,0.0,0.0
1609056183033736000,1596,1609056183033736000,0.54732167161,-12.8358104165,5.25487110855,0.736890389547,-0.675574833555,0.023348092362,0.00678709390986,0.83713895085,0.14024660508,-0.0074892522901,0.0,0.0,0.0
1609056183133732000,1597,1609056183133732000,0.633709280567,-12.8237402018,5.25201646838,0.744209738532,-0.66745325206,0.0246601549241,0.0070638621664,0.833263682146,0.153013932873,0.00406590846281,0.0,0.0,0.0
1609056183233832000,1598,1609056183233832000,0.720278634165,-12.809169869,5.25191645809,0.751379391852,-0.659311241376,0.0259253551151,0.00809768227203,0.826630010067,0.171921084914,0.00756496124217,0.0,0.0,0.0
1609056183333770000,1599,1609056183333770000,0.809992637638,-12.7942600253,5.25357740418,0.75852031151,-0.651066319705,0.0258823943057,0.00947027126987,0.819689711662,0.19051576916,0.00834186333729,0.0,0.0,0.0
1609056183433735000,1600,1609056183433735000,0.898253980769,-12.7781993964,5.25662354464,0.765613664912,-0.642730454519,0.0251467785447,0.0100458181802,0.827019593574,0.212450581317,0.000408701657961,0.0,0.0,0.0
1609056183533788000,1601,1609056183533788000,0.985682066454,-12.7594519247,5.25691568425,0.772581204696,-0.634356175679,0.0245872460122,0.0102952349298,0.833003522077,0.229334661801,0.000964031465255,0.0,0.0,0.0
1609056183633899000,1602,1609056183633899000,1.0712173131,-12.738376151,5.25791874999,0.779197694885,-0.626176109947,0.0256769986941,0.009753120316,0.826941339747,0.251723073907,-0.0086040815618,0.0,0.0,0.0
1609056183733901000,1603,1609056183733901000,1.15472467624,-12.7134578162,5.25708608239,0.785455070962,-0.618296145499,0.0260688615802,0.00951958073711,0.822009779632,0.272185943242,-0.00122199143292,0.0,0.0,0.0
1609056183833883000,1604,1609056183833883000,1.24048965648,-12.6872837873,5.25632151564,0.791556078355,-0.610368624045,0.0281230412728,0.00991020435896,0.821366212994,0.295101805501,0.0163946978507,0.0,0.0,0.0
1609056183933935000,1605,1609056183933935000,1.32719241455,-12.6597615872,5.25712372363,0.79752290942,-0.602450983964,0.0296728155794,0.0113817786861,0.819620262715,0.323649611122,0.00637082280512,0.0,0.0,0.0
1609056184034021000,1606,1609056184034021000,1.4103232589,-12.6276585295,5.25660855873,0.803498104067,-0.594362407645,0.030358360099,0.0142300776594,0.809610503487,0.354134528033,-0.000714706139784,0.0,0.0,0.0
1609056184134029000,1607,1609056184134029000,1.49744619956,-12.5926300203,5.25617004653,0.809201594964,-0.586380571415,0.0326816306976,0.016808188179,0.808611540464,0.390945034942,0.0050411212531,0.0,0.0,0.0
1609056184234170000,1608,1609056184234170000,1.57996376636,-12.5527637918,5.25625056818,0.814714956094,-0.5784685556,0.0352057982448,0.0193448254031,0.800537250173,0.439448564242,0.0249852822949,0.0,0.0,0.0
1609056184334171000,1609,1609056184334171000,1.67168900375,-12.5081582297,5.25704156231,0.82018291501,-0.570459583591,0.038761036735,0.0193243744165,0.803346215191,0.494774389981,0.028137634112,0.0,0.0,0.0
1609056184434092000,1610,1609056184434092000,1.7612594512,-12.4582201169,5.25948080652,0.825652180287,-0.562462330781,0.0399408150044,0.0184210460306,0.794089379615,0.549685438282,0.02548737464,0.0,0.0,0.0
1609056184534177000,1611,1609056184534177000,1.85278046746,-12.4026509432,5.26359302181,0.831027672904,-0.554613091454,0.0391127064584,0.0163560951589,0.788391106668,0.601704165877,0.0359749753449,0.0,0.0,0.0
1609056184634102000,1612,1609056184634102000,1.93696028509,-12.3429796572,5.26731378685,0.836386578325,-0.54661508835,0.0381447462623,0.0146429204282,0.778742492811,0.648966883881,0.0440323902872,0.0,0.0,0.0
1609056184734138000,1613,1609056184734138000,2.0222307112,-12.2772777756,5.27292070824,0.841848331763,-0.538383636367,0.0358509195362,0.0122130245622,0.766372892459,0.693509528523,0.0416159210801,0.0,0.0,0.0
1609056184834208000,1614,1609056184834208000,2.10190673536,-12.2076546564,5.27979187325,0.847337857911,-0.5299846829,0.0325940371686,0.00850994613347,0.75596556058,0.72628371757,0.0679107659996,0.0,0.0,0.0
1609056184934179000,1615,1609056184934179000,2.18202723805,-12.135858968,5.28813863301,0.852761115999,-0.521323721511,0.0312285658126,0.00669575299,0.73985611444,0.748514862655,0.0891929553941,0.0,0.0,0.0
1609056185034221000,1616,1609056185034221000,2.26170381007,-12.0605349461,5.29471846905,0.858080623548,-0.51260371693,0.0300078267978,0.00588244950002,0.73132954562,0.768292239688,0.0917513660677,0.0,0.0,0.0
1609056185134269000,1617,1609056185134269000,2.34169839887,-11.9816136506,5.30227440775,0.863325518994,-0.503757711145,0.0290441532996,0.00732488055204,0.727976294201,0.792061513404,0.096760667396,0.0,0.0,0.0
1609056185234275000,1618,1609056185234275000,2.42031727732,-11.9003717934,5.30944118774,0.868490891671,-0.494779126228,0.0291210031693,0.00831591890835,0.72368418348,0.819461576476,0.0838817712123,0.0,0.0,0.0
1609056185334361000,1619,1609056185334361000,2.49546621284,-11.8166282878,5.31686505158,0.873690746565,-0.485558497917,0.0284908018218,0.00925735807171,0.718109899703,0.848766731259,0.0894364087386,0.0,0.0,0.0
1609056185434574000,1620,1609056185434574000,2.56701277664,-11.7308344984,5.32450905612,0.878946130909,-0.476011142298,0.0285356390446,0.00726695759731,0.705388089021,0.871345000985,0.0900201677798,0.0,0.0,0.0
1609056185534377000,1621,1609056185534377000,2.64048710327,-11.6416298806,5.33254737504,0.884161656557,-0.466257254344,0.0288787928706,0.00532476928557,0.694999924606,0.890912182078,0.0907136516993,0.0,0.0,0.0
1609056185634803000,1622,1609056185634803000,2.7151054759,-11.5492927152,5.34123093326,0.889246757438,-0.456434116792,0.0300541864431,0.00220165666935,0.68371807021,0.910741262816,0.088300009424,0.0,0.0,0.0
1609056185734904000,1623,1609056185734904000,2.78458548094,-11.4579929798,5.34760670863,0.894318904663,-0.446456131513,0.0295006177799,0.000577016234704,0.668941539297,0.922729394527,0.0864820716024,0.0,0.0,0.0
1609056185834514000,1624,1609056185834514000,2.85794615958,-11.3632454771,5.35448691095,0.899271952,-0.436452923714,0.0286136236932,-0.000249531637896,0.656759474227,0.932368529244,0.0769344757547,0.0,0.0,0.0
1609056185934493000,1625,1609056185934493000,2.93168531473,-11.2665776212,5.36062837634,0.90422161311,-0.426232721922,0.0265937902462,-0.00130823111656,0.648623748404,0.94289140369,0.0658957671032,0.0,0.0,0.0
1609056186034488000,1626,1609056186034488000,3.00180889715,-11.1701639707,5.36487080621,0.908981057768,-0.416059382167,0.0254436711699,-0.000804193854064,0.643739022447,0.949001766234,0.052453984456,0.0,0.0,0.0
1609056186134575000,1627,1609056186134575000,3.06994014089,-11.0730983553,5.36843996174,0.913632090904,-0.405811520577,0.0243273290699,0.00126225919114,0.640725785714,0.961056306245,0.0318106296635,0.0,0.0,0.0
1609056186234851000,1628,1609056186234851000,3.13473115846,-10.9761446968,5.37007107724,0.9182223776,-0.395337430564,0.0239438868177,0.00163448860686,0.637699417834,0.974440075751,0.026496116394,0.0,0.0,0.0
1609056186335104000,1629,1609056186335104000,3.19818862431,-10.878981324,5.37004662363,0.922693514503,-0.38479436741,0.0237508703884,0.00242265531277,0.632459148721,0.98406953548,0.0249109366291,0.0,0.0,0.0
1609056186434822000,1630,1609056186434822000,3.26173213769,-10.7805555459,5.37146316197,0.927028398595,-0.374135823768,0.0253047393025,0.000635405989735,0.627286402457,0.996220860937,0.0412287587759,0.0,0.0,0.0
1609056186534725000,1631,1609056186534725000,3.32345323401,-10.6811732412,5.37481033459,0.931298573356,-0.363358763444,0.0255567050478,-0.000480750518375,0.614675251165,1.00317829783,0.0477508904682,0.0,0.0,0.0
1609056186634805000,1632,1609056186634805000,3.38335002538,-10.5807732612,5.37931508265,0.93529325549,-0.352877795739,0.0264528165323,-0.00200898169433,0.595279195891,1.00552269136,0.0370171648542,0.0,0.0,0.0
1609056186734703000,1633,1609056186734703000,3.44014307167,-10.4820757645,5.3824999853,0.939229780396,-0.342271967994,0.0263073626866,-0.00228958754511,0.579739426762,1.00848639564,0.027084947862,0.0,0.0,0.0
1609056186834759000,1634,1609056186834759000,3.49820945578,-10.3809791206,5.383866455,0.943139396448,-0.331404933279,0.0255759525223,-0.00217249144991,0.566160530978,1.0102862338,0.0216240119423,0.0,0.0,0.0
1609056186934855000,1635,1609056186934855000,3.55697112141,-10.2786273284,5.38463465533,0.94682769819,-0.320673794783,0.0258280890388,-0.00430547285982,0.550826944742,1.01017156414,0.00932002263026,0.0,0.0,0.0
1609056187034797000,1636,1609056187034797000,3.61702188243,-10.1728199485,5.38527534941,0.950380053523,-0.309932167274,0.0260812533718,-0.00629076910814,0.539269103332,1.01472954665,0.00680966383156,0.0,0.0,0.0
1609056187134889000,1637,1609056187134889000,3.66805812515,-10.0754666943,5.38547156466,0.953951637297,-0.298737144009,0.0258234541769,-0.00809578302191,0.516175731267,1.00381554684,-0.00211510457755,0.0,0.0,0.0
1609056187234968000,1638,1609056187234968000,3.71979128868,-9.9743934534,5.38580944593,0.957450512542,-0.287259517647,0.0258370812721,-0.0101454810881,0.4964433963,0.992556163655,0.000327901187377,0.0,0.0,0.0
1609056187334907000,1639,1609056187334907000,3.76945659046,-9.87450065119,5.38537605666,0.960768047169,-0.275883115318,0.0262581775584,-0.0111253913861,0.47264283789,0.978765434493,-0.0111160222451,0.0,0.0,0.0
1609056187434933000,1640,1609056187434933000,3.81635118261,-9.77607051124,5.38356499463,0.964043512678,-0.264312344192,0.0258930996289,-0.00941476302849,0.449878443207,0.969809158112,-0.0199908025036,0.0,0.0,0.0
1609056187535008000,1641,1609056187535008000,3.86127796574,-9.67979721182,5.38119558836,0.96714880062,-0.252707546974,0.0261769041193,-0.0087671461971,0.428015457401,0.957501140886,-0.0133512216928,0.0,0.0,0.0
1609056187635013000,1642,1609056187635013000,3.90314388676,-9.58527017153,5.37933354525,0.97006227869,-0.241359699833,0.0257793640007,-0.00775210628902,0.406426025338,0.94924382666,-0.0188019563206,0.0,0.0,0.0
1609056187734991000,1643,1609056187734991000,3.94488483901,-9.48788722316,5.37689554152,0.972861538483,-0.229846339639,0.0255461193665,-0.00764741002403,0.386097524727,0.945886037389,-0.0248759949833,0.0,0.0,0.0
1609056187835086000,1644,1609056187835086000,3.98227029083,-9.39413233181,5.37387426341,0.97556997552,-0.218088116566,0.0254732749123,-0.00720475832303,0.362651938446,0.937117394674,-0.022925069508,0.0,0.0,0.0
1609056187935067000,1645,1609056187935067000,4.0168774972,-9.30214547344,5.37140518075,0.97813003909,-0.20635971015,0.0256194337041,-0.00457616349826,0.339968784392,0.931046284839,-0.020570212089,0.0,0.0,0.0
1609056188035108000,1646,1609056188035108000,4.04979397928,-9.20861161957,5.36865404737,0.980529543829,-0.194544839984,0.0265007738455,-0.00343917134292,0.318336628864,0.932413800228,-0.0362680870454,0.0,0.0,0.0
1609056188135352000,1647,1609056188135352000,4.07856267572,-9.11911044494,5.36484749319,0.982791360253,-0.182771454181,0.0266896292246,-0.00184429921347,0.291730372598,0.928952616886,-0.0370021421664,0.0,0.0,0.0
1609056188235535000,1648,1609056188235535000,4.10671274706,-9.02500327396,5.36178856635,0.984864525712,-0.171103851018,0.0275563355805,-0.00244673887493,0.267202398221,0.933492116579,-0.0267066046887,0.0,0.0,0.0
1609056188335150000,1649,1609056188335150000,4.13227123763,-8.93154650901,5.35962553146,0.986501430676,-0.161126284764,0.0288789662335,-0.00438781730987,0.233239334875,0.916975200484,-0.0107668388781,0.0,0.0,0.0
1609056188435271000,1650,1609056188435271000,4.15337004104,-8.84262551202,5.35815634589,0.987551539318,-0.154127264273,0.031023242792,-0.00492970646566,0.19627686693,0.896644599578,0.00525895043255,0.0,0.0,0.0
1609056188535924000,1651,1609056188535924000,4.17543658117,-8.74606342741,5.35864553981,0.987967559873,-0.150876453671,0.0335365627265,-0.00562986020281,0.16056241837,0.880791852134,0.00571504739763,0.0,0.0,0.0
1609056188635360000,1652,1609056188635360000,4.1922983284,-8.6551987989,5.35942861576,0.988198624616,-0.149159095188,0.0343409049349,-0.00597870195903,0.12412624626,0.877579052321,0.00225569965186,0.0,0.0,0.0
1609056188735349000,1653,1609056188735349000,4.20478506895,-8.56712262529,5.36145981209,0.988412863218,-0.147707472091,0.0343346475651,-0.00660654909465,0.0876028833953,0.875365118661,0.0350791372463,0.0,0.0,0.0
1609056188835321000,1654,1609056188835321000,4.20870794837,-8.48460968733,5.36529585675,0.988505511436,-0.147313154161,0.033443445583,-0.00610118183146,0.0441354316413,0.861898971326,0.0287178819753,0.0,0.0,0.0
1609056188935582000,1655,1609056188935582000,4.20820726687,-8.40391712931,5.36995704079,0.988601204726,-0.147117001249,0.0314829308569,-0.00575074103827,0.00663263935565,0.852966055945,0.0304704983214,0.0,0.0,0.0
1609056189035499000,1656,1609056189035499000,4.20209207549,-8.32762962159,5.3739716225,0.988786095267,-0.146200283805,0.0298578364547,-0.00600370087849,-0.022965536134,0.863707892613,0.046658929471,0.0,0.0,0.0
1609056189135429000,1657,1609056189135429000,4.18854873695,-8.26274010209,5.3789530067,0.989546571179,-0.141096318127,0.0290394219107,-0.00679149864609,-0.060369301306,0.836636097493,0.0109732780404,0.0,0.0,0.0
1609056189235763000,1658,1609056189235763000,4.18162252367,-8.17951586865,5.37789496642,0.990102517344,-0.137241327411,0.0286781915053,-0.00627570961297,-0.0870836644601,0.827470959822,-0.0284210331088,0.0,0.0,0.0
1609056189335543000,1659,1609056189335543000,4.16342125581,-8.11685911086,5.37627495929,0.990413900572,-0.134853942751,0.0290051534108,-0.00730895022204,-0.124800017262,0.788464882081,-0.0318659172834,0.0,0.0,0.0
1609056189435479000,1660,1609056189435479000,4.15041067059,-8.03698732893,5.372779929,0.990629016813,-0.133001552405,0.0300030259778,-0.00803470829421,-0.15136520277,0.791400136291,-0.0442021665911,0.0,0.0,0.0
1609056189535489000,1661,1609056189535489000,4.12890765206,-7.97747657496,5.3686937447,0.991114292988,-0.129499347181,0.0292954440004,-0.00800963635511,-0.181099725773,0.777312718372,-0.050859976665,0.0,0.0,0.0
1609056189635927000,1662,1609056189635927000,4.10737139029,-7.90332346962,5.3639609211,0.99185369311,-0.123761952052,0.0287135443921,-0.00920668541706,-0.208406896256,0.766775310393,-0.0521179979028,0.0,0.0,0.0
1609056189735574000,1663,1609056189735574000,4.08376490028,-7.83581527273,5.36061724181,0.992640880744,-0.1173433025,0.0284083653364,-0.00935927414001,-0.236349169758,0.746654731959,-0.0459596065193,0.0,0.0,0.0
1609056189835984000,1664,1609056189835984000,4.06004804216,-7.76304290759,5.35618478708,0.993473301292,-0.110091838281,0.0286364288338,-0.00839891105143,-0.262187289112,0.739833600349,-0.037040809125,0.0,0.0,0.0
1609056189936405000,1665,1609056189936405000,4.03391704006,-7.68291842077,5.35286460446,0.994253495228,-0.102571951094,0.0293625245706,-0.00876494299917,-0.292503508502,0.729935750308,-0.0286744087983,0.0,0.0,0.0
1609056190036017000,1666,1609056190036017000,4.0053442281,-7.60318374292,5.35132292525,0.994992807004,-0.0951847982891,0.0289339008475,-0.00959153621961,-0.323400928337,0.724495522874,0.00703115424141,0.0,0.0,0.0
1609056190135669000,1667,1609056190135669000,3.97392688565,-7.52365597114,5.35228648733,0.995670596213,-0.0879957609201,0.0283072251709,-0.00977296783715,-0.350648180924,0.718435845159,0.0314417092512,0.0,0.0,0.0
1609056190235807000,1668,1609056190235807000,3.93973199179,-7.44582814477,5.35491536402,0.996265488654,-0.0809415328241,0.0281600652069,-0.010514518925,-0.375704351225,0.709030309101,0.044699090544,0.0,0.0,0.0
1609056190335771000,1669,1609056190335771000,3.90183583908,-7.36416332717,5.35959047718,0.996801964143,-0.0740717364938,0.0281069471713,-0.0104509164306,-0.402919555801,0.704521098177,0.0563240287385,0.0,0.0,0.0
1609056190435779000,1670,1609056190435779000,3.86118472437,-7.28776685878,5.36438366512,0.99729889042,-0.0675786336134,0.0273186828577,-0.00904107360924,-0.431463012021,0.697645448626,0.0499212071492,0.0,0.0,0.0
1609056190535917000,1671,1609056190535917000,3.81805245778,-7.21399694413,5.36968112569,0.997741670273,-0.0613806966929,0.0259331357235,-0.00845233376977,-0.452391187019,0.689585786703,0.0568161605033,0.0,0.0,0.0
1609056190635849000,1672,1609056190635849000,3.77247912556,-7.13955830439,5.37333907209,0.998138224015,-0.0555460820916,0.0244682112829,-0.00600209635432,-0.470773325783,0.679336279903,0.0166620651478,0.0,0.0,0.0
1609056190735935000,1673,1609056190735935000,3.72552130479,-7.06744210815,5.37297982042,0.998480585044,-0.0499420104375,0.0232139414313,-0.00185197377798,-0.483990874208,0.684198820292,-0.00274614157307,0.0,0.0,0.0
1609056190835937000,1674,1609056190835937000,3.67694000886,-6.99522909074,5.37254475572,0.99873955979,-0.0447874807315,0.0226562416877,-0.000260753073021,-0.499424000196,0.68845911986,0.000738575518948,0.0,0.0,0.0
1609056190936014000,1675,1609056190936014000,3.62625666848,-6.92673348904,5.37265311059,0.998959211444,-0.0400447684572,0.0218187128374,0.000924208056109,-0.511827846225,0.691869017972,-0.0118542485621,0.0,0.0,0.0
1609056191036006000,1676,1609056191036006000,3.57627150599,-6.85778486478,5.37018572288,0.999170058919,-0.0354783491828,0.0199827661015,0.00108127597686,-0.521688138337,0.693216497973,-0.0154803221979,0.0,0.0,0.0
1609056191136036000,1677,1609056191136036000,3.52329176101,-6.78772123156,5.36906201536,0.999318599749,-0.0312199094207,0.0190942532684,0.00480238939118,-0.532141334657,0.704024620839,-0.019630726691,0.0,0.0,0.0
1609056191236197000,1678,1609056191236197000,3.47036844937,-6.71542294745,5.36558792857,0.999514377216,-0.027101911406,0.015244908524,0.00202210294324,-0.535435929358,0.715656198788,-0.0338248246363,0.0,0.0,0.0
1609056191336059000,1679,1609056191336059000,3.41705327588,-6.64319763099,5.36301066149,0.999648466249,-0.023145667487,0.0127458663427,0.00218286376452,-0.532265492506,0.718254732471,-0.0225545852156,0.0,0.0,0.0
1609056191436181000,1680,1609056191436181000,3.36447314638,-6.5688414557,5.35931847712,0.999686952762,-0.0191872701449,0.0151102443327,0.00543375181035,-0.522157464014,0.728704144043,-0.0282733168388,0.0,0.0,0.0
1609056191536076000,1681,1609056191536076000,3.31281626549,-6.49567008076,5.35238734238,0.999662081232,-0.0150175833331,0.0174172390376,0.0121175625077,-0.528361063875,0.751493668069,-0.0598899441587,0.0,0.0,0.0
1609056191636161000,1682,1609056191636161000,3.26040283148,-6.41691517648,5.34525459912,0.999651591918,-0.0109746836204,0.0197294332952,0.0136748147291,-0.536380576248,0.782450683067,-0.0581953077816,0.0,0.0,0.0
1609056191736777000,1683,1609056191736777000,3.20557620137,-6.33557766425,5.34074139068,0.999622234538,-0.00683342360736,0.0217796672575,0.015308123086,-0.550987873422,0.813503261416,-0.0492676051885,0.0,0.0,0.0
1609056191836196000,1684,1609056191836196000,3.15018943776,-6.24719514214,5.33734714983,0.99957028769,-0.00264757118762,0.023419412828,0.0174287531559,-0.568088597753,0.858312439271,-0.0433709010092,0.0,0.0,0.0
1609056191936317000,1685,1609056191936317000,3.09125149825,-6.15624087935,5.33602324926,0.9995788254,0.0016682376688,0.0243770937553,0.0156571420027,-0.593250868547,0.90084134292,-0.0292831832613,0.0,0.0,0.0
1609056192036457000,1686,1609056192036457000,3.03432038417,-6.06279554817,5.336659738,0.999629398908,0.00595691639717,0.0237356226544,0.0119247726273,-0.611193929931,0.933606837098,-0.00905297628268,0.0,0.0,0.0
1609056192136279000,1687,1609056192136279000,2.97265093297,-5.96875830168,5.33596758612,0.999663292445,0.0105133742261,0.0222200209727,0.00830911354874,-0.631388008891,0.961195487157,-0.00815034231558,0.0,0.0,0.0
1609056192236369000,1688,1609056192236369000,2.90883123554,-5.86746031875,5.33757248904,0.999662932665,0.0154786863906,0.0199164600349,0.00614540021094,-0.64748750325,0.974707783764,-0.0153967186116,0.0,0.0,0.0
1609056192336474000,1689,1609056192336474000,2.8444482259,-5.77064809338,5.33557364888,0.9996139193,0.0206612893563,0.0177422610923,0.00550777960298,-0.656120507041,0.985173431206,-0.00681624476981,0.0,0.0,0.0
1609056192436273000,1690,1609056192436273000,2.77986903522,-5.67037985996,5.33625849554,0.999516322316,0.0259879672378,0.0163812994539,0.00483735588297,-0.664124569825,1.00343012432,0.0081170173923,0.0,0.0,0.0
1609056192536446000,1691,1609056192536446000,2.71046732695,-5.5659041486,5.33762952447,0.999381554761,0.0314628967227,0.0155897526845,-0.00188513802694,-0.672299680778,1.01963981095,0.0118812024487,0.0,0.0,0.0
1609056192636479000,1692,1609056192636479000,2.64272761405,-5.46430690954,5.33874963803,0.999069239966,0.0371810572121,0.0149090333638,-0.015998233123,-0.678866096968,1.01396082911,-0.00142700395543,0.0,0.0,0.0
1609056192736420000,1693,1609056192736420000,2.57785634753,-5.36866896179,5.3362763137,0.998395428788,0.0422949834537,0.0133590069083,-0.0352028277936,-0.673673935894,0.945608078589,-0.0372757150612,0.0,0.0,0.0
1609056192836611000,1694,1609056192836611000,2.4988303771,-5.2564042194,5.33255543071,0.998069262436,0.0440901377818,0.0128554571215,-0.0418155993984,-0.679901155424,0.857066357247,-0.0631210855678,0.0,0.0,0.0
1609056192936584000,1695,1609056192936584000,2.43787608269,-5.17977094744,5.32501221242,0.997972185928,0.0440270735926,0.0125647549496,-0.0442183201591,-0.674530940069,0.76601189657,-0.0794011140189,0.0,0.0,0.0
1609056193036558000,1696,1609056193036558000,2.36898695966,-5.10237331685,5.316591469,0.997947724125,0.0437520598161,0.0123749951678,-0.0450883207831,-0.671418651519,0.682064697511,-0.0610229644774,0.0,0.0,0.0
1609056193136611000,1697,1609056193136611000,2.30344958534,-5.03525485964,5.30910380489,0.997901710726,0.0464942699268,0.013115008425,-0.0431098033891,-0.670456678873,0.625080073483,-0.0244813208933,0.0,0.0,0.0
1609056193236902000,1698,1609056193236902000,2.23699296646,-4.98599690378,5.30734393816,0.997818654006,0.0528113647614,0.0131639384977,-0.0373577862435,-0.676349567906,0.56197541287,-0.034801250138,0.0,0.0,0.0
1609056193336643000,1699,1609056193336643000,2.16926160074,-4.93569108207,5.30502571856,0.997420486202,0.0613365109913,0.0120354040341,-0.0352895901595,-0.677492159858,0.509851081842,-0.0351035001593,0.0,0.0,0.0
1609056193436699000,1700,1609056193436699000,2.10205065937,-4.89505278255,5.29989981803,0.996779135486,0.0714714475014,0.0108500987388,-0.0347197725834,-0.678095608527,0.456264137887,-0.0369231137156,0.0,0.0,0.0
1609056193536740000,1701,1609056193536740000,2.03845301527,-4.86075924561,5.29561524294,0.995568468525,0.0863447562676,0.00902242837954,-0.0361469684689,-0.673357788855,0.407314448164,-0.0370503268369,0.0,0.0,0.0
1609056193636717000,1702,1609056193636717000,1.97013890334,-4.82207055471,5.29181871138,0.994164196986,0.101617523465,0.00738835993361,-0.0354519462579,-0.667124592661,0.340446528029,-0.033989992541,0.0,0.0,0.0
1609056193736735000,1703,1609056193736735000,1.89888080309,-4.78330027105,5.28825556776,0.992532312674,0.116753466081,0.00555181644719,-0.0348914572556,-0.657800962806,0.28826997332,-0.0382589782727,0.0,0.0,0.0
1609056193836777000,1704,1609056193836777000,1.82577012063,-4.74668047626,5.28389622094,0.990647369451,0.13191531393,0.00372388513568,-0.0346737945588,-0.64881511303,0.242344181283,-0.0427779808365,0.0,0.0,0.0
1609056193936783000,1705,1609056193936783000,1.75637003013,-4.72021045927,5.27914766304,0.988520043488,0.146913335813,0.00206152891779,-0.0352185388836,-0.631410411078,0.186323734354,-0.0449166224421,0.0,0.0,0.0
1609056194036885000,1706,1609056194036885000,1.68420078332,-4.69194208845,5.27352283066,0.986179771576,0.16188832516,0.000747359430086,-0.0352288201026,-0.620436337307,0.144724221932,-0.0358814220375,0.0,0.0,0.0
1609056194137049000,1707,1609056194137049000,1.61250145504,-4.66457884526,5.2676206865,0.983660869038,0.176533897846,-0.000337642182545,-0.0353123722243,-0.602682646271,0.103617839628,-0.0270194392169,0.0,0.0,0.0
1609056194236951000,1708,1609056194236951000,1.53859916138,-4.63891796539,5.26576473496,0.981120297105,0.190798875388,-0.00155562918009,-0.0315647236078,-0.587277569984,0.0756087933147,-0.00881928254867,0.0,0.0,0.0
1609056194337063000,1709,1609056194337063000,1.47241897655,-4.62234283627,5.26606918751,0.978743674424,0.203166350659,0.000302977415148,-0.0280028916149,-0.559523558826,0.0316226213222,0.0184064240157,0.0,0.0,0.0
1609056194437009000,1710,1609056194437009000,1.40936776551,-4.60975932431,5.26679570487,0.976417193128,0.214753622167,0.00337522355183,-0.0218850313371,-0.544615095918,0.0181023793822,0.0137007379494,0.0,0.0,0.0
1609056194536937000,1711,1609056194536937000,1.34371760468,-4.59399582189,5.2677063784,0.973915833914,0.22594566975,0.0043459055694,-0.0204356521282,-0.546427295214,0.0117411045074,0.00632256173741,0.0,0.0,0.0
1609056194637110000,1712,1609056194637110000,1.28864137052,-4.58942166874,5.26826434856,0.971313231878,0.23695235983,0.00213080545617,-0.0199911084645,-0.534217007477,3.82582957414e-06,-0.0030493963879,0.0,0.0,0.0
1609056194737100000,1713,1609056194737100000,1.23349684259,-4.5863349048,5.26992155731,0.968629305968,0.247758466517,5.28030635361e-05,-0.0193133917412,-0.519314390801,-0.0116403579941,0.00880731961427,0.0,0.0,0.0
1609056194837086000,1714,1609056194837086000,1.18039669606,-4.58569529261,5.27173094743,0.965835553431,0.258397156902,-0.00474551186349,-0.0192372854495,-0.502622662774,-0.0222833267293,-0.00492891460681,0.0,0.0,0.0
1609056194937156000,1715,1609056194937156000,1.13072742293,-4.58714804719,5.27274252972,0.963004938389,0.26851180032,-0.012399711436,-0.0192132476318,-0.472421270098,-0.0358414447314,-0.0283437735932,0.0,0.0,0.0
1609056195037239000,1716,1609056195037239000,1.08530323867,-4.59073638057,5.27207091726,0.960128908041,0.278264550866,-0.0214282579883,-0.0161910294383,-0.423440694261,-0.0349489949327,-0.0210083691998,0.0,0.0,0.0
1609056195137215000,1717,1609056195137215000,1.04681116069,-4.594981617,5.27193176905,0.957024355461,0.288260791667,-0.0275780829706,-0.0157971004267,-0.361496930476,-0.0203197190777,0.00292184196554,0.0,0.0,0.0
1609056195237229000,1718,1609056195237229000,1.01720285022,-4.60021226126,5.27343301436,0.952987562749,0.30101828689,-0.0308151220891,-0.0159098854442,-0.294341842786,-0.00105809734308,0.029836376461,0.0,0.0,0.0
1609056195337297000,1719,1609056195337297000,0.999830348482,-4.60633463781,5.27923548407,0.94842994177,0.314960177933,-0.0303799332243,-0.018915378093,-0.212329324969,0.00974334047705,0.0573103321715,0.0,0.0,0.0
1609056195437334000,1720,1609056195437334000,0.983416129709,-4.61101566657,5.28395225108,0.943541066052,0.329537695936,-0.0264567352848,-0.0208615624621,-0.146539738139,0.00988767489657,0.0546086562063,0.0,0.0,0.0
1609056195537386000,1721,1609056195537386000,0.968144183448,-4.61276154238,5.28614334986,0.93825872127,0.34454061281,-0.0227996176648,-0.0210360528357,-0.0956976902914,0.0105793889697,0.0439921025618,0.0,0.0,0.0
1609056195637329000,1722,1609056195637329000,0.95132205573,-4.61252158803,5.2864537491,0.932712636268,0.359558436043,-0.0182603228421,-0.0207708889108,-0.0514853507613,0.0106091079781,0.0581287642562,0.0,0.0,0.0
1609056195737333000,1723,1609056195737333000,0.94168986831,-4.61229015471,5.29253763814,0.927237768721,0.373738171844,-0.00805858551786,-0.0220217702122,-0.00322140213603,-0.00956907389008,0.0959294229582,0.0,0.0,0.0
1609056195837544000,1724,1609056195837544000,0.93938645269,-4.61315894639,5.29784705623,0.922529352314,0.385712344442,0.00431131442435,-0.0121241095434,0.0125408014245,-0.0264970673188,0.07795638604,0.0,0.0,0.0
1609056195937404000,1725,1609056195937404000,0.936295395945,-4.6139503269,5.30221465462,0.918057485706,0.396219134985,0.0128481182428,-0.00397188476733,-0.0109130493448,-0.0179525826213,0.0708886146625,0.0,0.0,0.0
1609056196037412000,1726,1609056196037412000,0.926696052532,-4.61220976733,5.30784987292,0.913578312706,0.406291910121,0.017332652895,0.0010627638173,-0.0495490253047,-0.00655271905932,0.0589792782733,0.0,0.0,0.0
1609056196137560000,1727,1609056196137560000,0.920366018174,-4.61273584491,5.31510277426,0.909392477338,0.415317328667,0.021279472364,0.00800142026633,-0.085388215864,0.00444521549974,0.058608123438,0.0,0.0,0.0
1609056196237489000,1728,1609056196237489000,0.905032452064,-4.61060856289,5.32358947437,0.905776321772,0.422774036912,0.0245617656053,0.015102592517,-0.140535326197,0.0278196945674,0.0659704154497,0.0,0.0,0.0
1609056196337525000,1729,1609056196337525000,0.888930667297,-4.6029204762,5.33252137601,0.903710787333,0.426856683267,0.0262102068785,0.020327564152,-0.183922964971,0.049472289387,0.0699113688692,0.0,0.0,0.0
1609056196437641000,1730,1609056196437641000,0.864059014896,-4.59394869278,5.34025234833,0.903370697962,0.427472097423,0.026307948671,0.022290801364,-0.255356891771,0.0950764908853,0.0792516836459,0.0,0.0,0.0
1609056196537706000,1731,1609056196537706000,0.83417752089,-4.58339179767,5.34840413138,0.90344086449,0.427243355791,0.027346276072,0.0225809762384,-0.322591815733,0.135547797907,0.0862670169502,0.0,0.0,0.0
1609056196637584000,1732,1609056196637584000,0.79860974619,-4.56884070817,5.35776871483,0.903554994138,0.426915281116,0.0287849119851,0.0224308751326,-0.398720613106,0.17539420072,0.0844443040141,0.0,0.0,0.0
1609056196737725000,1733,1609056196737725000,0.755542447356,-4.55290701364,5.36855054217,0.903680174672,0.426661251525,0.0289005448377,0.0220698178497,-0.474290443094,0.209141786636,0.0753111983413,0.0,0.0,0.0
1609056196837734000,1734,1609056196837734000,0.705019055914,-4.5335052969,5.37837407228,0.903743460071,0.426570079876,0.0282617455144,0.0220680555261,-0.546244159398,0.241574769561,0.0734019689,0.0,0.0,0.0
1609056196937692000,1735,1609056196937692000,0.650441514104,-4.49955603757,5.38999159596,0.903705282388,0.42673767119,0.0267392747332,0.0222875247128,-0.615397268032,0.289935393575,0.0704297531113,0.0,0.0,0.0
1609056197037834000,1736,1609056197037834000,0.580028775615,-4.47360716355,5.39862433475,0.903775359222,0.427034982574,0.0230525158823,0.0173148847238,-0.695349899857,0.331806269841,0.060634402289,0.0,0.0,0.0
1609056197137875000,1737,1609056197137875000,0.504856723756,-4.44206079109,5.40669425268,0.904094695979,0.427113470955,0.0135867810245,0.0015043313245,-0.74811508353,0.35591385119,0.0506512613803,0.0,0.0,0.0
1609056197237827000,1738,1609056197237827000,0.428819915875,-4.40661988618,5.4110708233,0.904194080828,0.426864778254,-0.00183220978752,-0.0147026626287,-0.752977483675,0.350027704256,0.0103314877143,0.0,0.0,0.0
1609056197338020000,1739,1609056197338020000,0.36012702214,-4.36837390035,5.4261644142,0.903983544199,0.42683012478,-0.01498354124,-0.020131812855,-0.715292725558,0.340747512781,0.015644553173,0.0,0.0,0.0
1609056197437880000,1740,1609056197437880000,0.298090106535,-4.3330765781,5.43905423539,0.903718924557,0.426732363638,-0.0262498562361,-0.0224174099661,-0.651129480835,0.339606893835,0.0302725301614,0.0,0.0,0.0
1609056197537914000,1741,1609056197537914000,0.239349470753,-4.29579642516,5.44832782267,0.903422733007,0.426805311918,-0.03342315077,-0.0233983802489,-0.578486004782,0.355738840937,0.0441183064308,0.0,0.0,0.0
1609056197638100000,1742,1609056197638100000,0.18439647827,-4.25587031334,5.45209738785,0.903012138961,0.426743993732,-0.0396358602345,-0.0297932758773,-0.49621409585,0.373929365111,0.0541366412135,0.0,0.0,0.0
1609056197737991000,1743,1609056197737991000,0.140626930096,-4.21989856742,5.45509539915,0.902643295932,0.426387287846,-0.0419536200557,-0.040851619755,-0.383503266488,0.37030497233,0.087768454365,0.0,0.0,0.0
1609056197837973000,1744,1609056197837973000,0.106079051939,-4.18181653168,5.45688740059,0.902307067651,0.426091844355,-0.0411567950595,-0.0509295009051,-0.271700326864,0.34712800532,0.0936860436778,0.0,0.0,0.0
1609056197938042000,1745,1609056197938042000,0.0825048772938,-4.14948846637,5.46625918543,0.90219359713,0.425858744162,-0.0381040005789,-0.0569133416605,-0.151068824922,0.298509469018,0.0912129297008,0.0,0.0,0.0
1609056198038106000,1746,1609056198038106000,0.0704938314265,-4.1149551097,5.46445773431,0.902424152284,0.4259230818,-0.0314899336671,-0.0568204350702,-0.0448338630519,0.255347194071,0.084025720501,0.0,0.0,0.0
1609056198138051000,1747,1609056198138051000,0.0678403231453,-4.09116183842,5.47454124795,0.902991178645,0.426066426558,-0.0202800740095,-0.0516047483014,0.0389551652604,0.204982801363,0.0814494337658,0.0,0.0,0.0
1609056198238249000,1748,1609056198238249000,0.069751565064,-4.06352682052,5.46916924239,0.903453030909,0.426213809041,-0.00994033726161,-0.0448954298367,0.0894997043206,0.162596211675,0.046852607206,0.0,0.0,0.0
1609056198338263000,1749,1609056198338263000,0.0845731025386,-4.05044770813,5.47549857192,0.903813803563,0.426311833857,-0.00127270174084,-0.0371107670711,0.125037719758,0.117563974828,0.0349693088103,0.0,0.0,0.0
1609056198438171000,1750,1609056198438171000,0.111132498202,-4.04072419084,5.47043245302,0.904042621915,0.42620857948,0.0039391647076,-0.0322128471354,0.149443912397,0.0834208639527,0.00138403843558,0.0,0.0,0.0
1609056198538291000,1751,1609056198538291000,0.130573885155,-4.03896614974,5.47250405169,0.904273391885,0.42603776357,0.00777525574705,-0.0268514829983,0.155708440309,0.0461216332507,-0.00185439486554,0.0,0.0,0.0
1609056198638212000,1752,1609056198638212000,0.160622892213,-4.04741416568,5.4674563395,0.904462649455,0.425736043783,0.00838130916303,-0.0250178021006,0.163706528177,0.00948422905254,0.00531041058266,0.0,0.0,0.0
1609056198738249000,1753,1609056198738249000,0.177583418153,-4.0519481601,5.46844250215,0.904567143663,0.425578436435,0.00795455182071,-0.024041675338,0.155850271922,-0.0151868730755,0.00238125873599,0.0,0.0,0.0
1609056198838369000,1754,1609056198838369000,0.191562818118,-4.0539877015,5.46922392705,0.904682336456,0.425460722621,0.00524121976074,-0.0224849555624,0.152805056992,-0.0410699656532,-0.0157868315515,0.0,0.0,0.0
1609056198938300000,1755,1609056198938300000,0.205265464179,-4.05688015018,5.46813766925,0.904831806904,0.425313388152,0.00356591991681,-0.0193702681455,0.144001962832,-0.0516700041934,-0.0118500609363,0.0,0.0,0.0
1609056199038324000,1756,1609056199038324000,0.221240144234,-4.06141875718,5.46679368157,0.904970830102,0.425133494719,-0.0003804073191,-0.017004811733,0.142239475931,-0.0561477299275,-0.00570757697253,0.0,0.0,0.0
1609056199138507000,1757,1609056199138507000,0.237941631815,-4.06600111172,5.46675499618,0.905162371245,0.424765631597,-0.00397239674493,-0.0154744938407,0.151475726686,-0.0565515394746,0.00271550052416,0.0,0.0,0.0
1609056199238433000,1758,1609056199238433000,0.291890851428,-4.07105822626,5.4596664431,0.905303287445,0.424468824132,-0.00884675874951,-0.0131874918704,0.192567581893,-0.0571355929196,-0.0060352097523,0.0,0.0,0.0
1609056199338435000,1759,1609056199338435000,0.310743880961,-4.0725681478,5.46380538745,0.905325275128,0.424300881604,-0.0141313478908,-0.0124584546394,0.214787699754,-0.037606532406,0.02348730959,0.0,0.0,0.0
1609056199438504000,1760,1609056199438504000,0.343986705518,-4.07497515654,5.46430192402,0.905315044005,0.424290389233,-0.0163926077969,-0.0106592266457,0.249875281412,-0.0136361574764,0.052449342565,0.0,0.0,0.0
1609056199538500000,1761,1609056199538500000,0.416005163795,-4.07424418701,5.46265183239,0.90514216682,0.424699957188,-0.0170067154048,-0.00764040837846,0.298871300966,0.0146793405706,0.0454258529555,0.0,0.0,0.0
1609056199638531000,1762,1609056199638531000,0.444041645605,-4.07060351585,5.46752645993,0.905106014457,0.424603765899,-0.020843346757,-0.00776527362357,0.321744546259,0.0460240561847,0.0258184963708,0.0,0.0,0.0
1609056199738660000,1763,1609056199738660000,0.473313236417,-4.06277844243,5.47108906546,0.905133419747,0.424512524217,-0.020560849036,-0.00999303391113,0.355638899085,0.0786182965187,0.0497696315314,0.0,0.0,0.0
1609056199838777000,1764,1609056199838777000,0.506054656601,-4.0525904336,5.47391072764,0.905173598091,0.424477720452,-0.0184049543686,-0.011860852146,0.386126488082,0.100728225374,0.0468903858,0.0,0.0,0.0
1609056199938592000,1765,1609056199938592000,0.544936811789,-4.04161010647,5.4791622422,0.905193675604,0.424487154749,-0.017143068834,-0.0118819312527,0.411144847826,0.116226265638,0.0311077705023,0.0,0.0,0.0
1609056200038644000,1766,1609056200038644000,0.58410885931,-4.0278094735,5.48197071768,0.905150166213,0.424666458874,-0.0161245964402,-0.0100783283556,0.441789482301,0.131579818606,0.0483644625774,0.0,0.0,0.0
1609056200138674000,1767,1609056200138674000,0.627458533951,-4.01427758844,5.48254024113,0.905086178956,0.424955021834,-0.0131801931499,-0.0076498750878,0.459171926283,0.156759871832,0.0644280685153,0.0,0.0,0.0
1609056200238621000,1768,1609056200238621000,0.674111435488,-4.00079842426,5.48728836118,0.905020128703,0.425213958404,-0.00977254132238,-0.00601279106649,0.468496328859,0.182030020672,0.063404875331,0.0,0.0,0.0
1609056200338724000,1769,1609056200338724000,0.719916035759,-3.98359177006,5.49400845751,0.905045951707,0.425235329883,-0.00692755639697,-0.00432995162932,0.470756404107,0.20508537096,0.0526823509342,0.0,0.0,0.0
1609056200438765000,1770,1609056200438765000,0.764754363557,-3.96359191934,5.50073365468,0.905123502448,0.425117729768,-0.00448298671125,-0.00250279492928,0.467825344577,0.226685815313,0.0399560862677,0.0,0.0,0.0
1609056200538799000,1771,1609056200538799000,0.810604479281,-3.94230318296,5.50380444922,0.905190402713,0.4249864039,-0.00297010359114,-0.00284074312707,0.456767868579,0.254477624775,0.0431953726687,0.0,0.0,0.0
1609056200638816000,1772,1609056200638816000,0.87137702992,-3.9176369236,5.50989606232,0.905182448042,0.424995769154,-0.00141999477959,-0.00461687911686,0.450547726605,0.27361605132,0.0178658115263,0.0,0.0,0.0
1609056200738827000,1773,1609056200738827000,0.91383357459,-3.89046752494,5.51527692591,0.905205703321,0.424941870534,-0.00210226401336,-0.00475624091163,0.438892878329,0.290007517059,0.0264108232242,0.0,0.0,0.0
1609056200838896000,1774,1609056200838896000,0.955879326986,-3.86003506582,5.51766482778,0.905251650397,0.424857623745,-0.00119754642556,-0.00374364535392,0.43585164398,0.307002574734,0.0291521999177,0.0,0.0,0.0
1609056200938997000,1775,1609056200938997000,0.998617978949,-3.82728266694,5.51972691345,0.905319621455,0.424721588762,-8.67505372979e-05,-0.00281913510014,0.420678325554,0.335437663921,0.0400645168679,0.0,0.0,0.0
1609056201038967000,1776,1609056201038967000,1.03991096394,-3.7934608238,5.52380616278,0.905383307716,0.424576016238,-7.38781796331e-05,-0.00403324754365,0.406642521455,0.353442683617,0.0488296813106,0.0,0.0,0.0
1609056201138930000,1777,1609056201138930000,1.07789624951,-3.75878022714,5.52983771331,0.905466944737,0.42439464052,-0.000344020772882,-0.00432235313676,0.395212819566,0.368200009102,0.0400248712015,0.0,0.0,0.0
1609056201239118000,1778,1609056201239118000,1.11406140119,-3.72166633118,5.53490502437,0.905526728271,0.424268996999,-0.00179930877362,-0.00373162967895,0.383649556751,0.385069882054,0.0335145748554,0.0,0.0,0.0
1609056201339045000,1779,1609056201339045000,1.14990744516,-3.68185565248,5.53875562041,0.9055461399,0.424223364285,-0.00245853709259,-0.00383161864213,0.3756814225,0.406143727005,0.0538241232269,0.0,0.0,0.0
1609056201438997000,1780,1609056201438997000,1.18720079903,-3.64030369905,5.54400755438,0.905602869676,0.42411389756,-0.00166407445191,-0.00284168747219,0.37073962572,0.42903738005,0.0644670906019,0.0,0.0,0.0
1609056201539109000,1781,1609056201539109000,1.22263158194,-3.59647700242,5.54951826981,0.905705656669,0.423895538652,-0.000398215725788,-0.00311082200265,0.36105546499,0.44418476323,0.0622803976903,0.0,0.0,0.0
1609056201639087000,1782,1609056201639087000,1.25528906408,-3.55163388784,5.55409740643,0.905803754917,0.423688876605,0.000906773858234,-0.00254385157116,0.3459856788,0.459531115795,0.0396673388983,0.0,0.0,0.0
1609056201739114000,1783,1609056201739114000,1.27702584265,-3.51252979145,5.56174298,0.905903540333,0.423455294377,0.00138013378003,-0.00474178316794,0.327975581803,0.462016054206,0.0397960514184,0.0,0.0,0.0
1609056201839221000,1784,1609056201839221000,1.30772707409,-3.46449202759,5.565506897,0.905975036114,0.423273762059,0.00200508637257,-0.00667352373354,0.311643064675,0.471217859968,0.0465866171212,0.0,0.0,0.0
1609056201939221000,1785,1609056201939221000,1.33993473676,-3.41889974696,5.57192603352,0.905899196646,0.423417007402,0.00243417272208,-0.00766538725937,0.293837481349,0.474948598131,0.0574565341687,0.0,0.0,0.0
1609056202039211000,1786,1609056202039211000,1.36846616136,-3.37260743654,5.57998283839,0.90584397202,0.42350970087,0.00265352018697,-0.00889890192058,0.284181508444,0.472681284774,0.0692871627331,0.0,0.0,0.0
1609056202139479000,1787,1609056202139479000,1.39282875396,-3.32543635399,5.5851682008,0.905804919282,0.423596314154,0.00137500052402,-0.00903992323859,0.2730186762,0.472867335699,0.0598812112424,0.0,0.0,0.0
1609056202239269000,1788,1609056202239269000,1.41476806148,-3.27868393576,5.58848052251,0.905739336896,0.42374757232,0.000744437585484,-0.00858454217792,0.267559714899,0.467856407954,0.061713763807,0.0,0.0,0.0
1609056202339308000,1789,1609056202339308000,1.43584149568,-3.23177565988,5.59431004083,0.905650981926,0.423960884184,-0.000468233873903,-0.00729714841266,0.263671166654,0.468928048977,0.0525186233377,0.0,0.0,0.0
1609056202439355000,1790,1609056202439355000,1.45612510189,-3.18548856102,5.60257282735,0.905624249996,0.424048925819,0.000104928007343,-0.00521683048072,0.254342116841,0.473398031621,0.0603836381204,0.0,0.0,0.0
1609056202539349000,1791,1609056202539349000,1.47663097914,-3.13850583484,5.60967869063,0.905592610646,0.424145985863,-0.000358597452127,-0.00144139791354,0.238895192921,0.483953170978,0.0593833678814,0.0,0.0,0.0
1609056202639395000,1792,1609056202639395000,1.49893044867,-3.08903775874,5.6153264021,0.905613395446,0.424097012061,-0.00177997261777,-0.00171290608248,0.23608999013,0.497827294535,0.068426880631,0.0,0.0,0.0
1609056202739465000,1793,1609056202739465000,1.52176080729,-3.03778521208,5.6199756509,0.905661906655,0.423987511658,-0.0029807377079,-0.00148862197145,0.23126819679,0.514557093874,0.0504743960729,0.0,0.0,0.0
1609056202839436000,1794,1609056202839436000,1.5302053892,-2.9982706305,5.62480981087,0.905634127193,0.424051020827,-0.00218504163373,-0.00166882956089,0.226133189105,0.521029398368,0.0532117938711,0.0,0.0,0.0
1609056202939462000,1795,1609056202939462000,1.5559509187,-2.94328040028,5.62818903982,0.905583637527,0.424164031998,-0.00136241372376,-0.00113720335793,0.218340063421,0.544457395204,0.0331513469076,0.0,0.0,0.0
1609056203039559000,1796,1609056203039559000,1.57810357399,-2.88974201825,5.6335559017,0.905597384429,0.424108153097,-0.00274526276096,-0.00425620997563,0.221838190857,0.549991729431,0.0404995545422,0.0,0.0,0.0
1609056203139552000,1797,1609056203139552000,1.59720711325,-2.83513486682,5.6361814879,0.905685958707,0.42391566994,-0.00121519294369,-0.0051934849555,0.219310958624,0.557694781791,0.0338605147785,0.0,0.0,0.0
1609056203239762000,1798,1609056203239762000,1.61383671257,-2.78144360872,5.63738027868,0.905704743185,0.423882984033,-0.000794463262577,-0.00463711637534,0.21692794267,0.557825860138,0.00769694841058,0.0,0.0,0.0
1609056203339671000,1799,1609056203339671000,1.63053659093,-2.72717745002,5.63992171375,0.905755102766,0.423774720582,-0.00130980275668,-0.00457869264952,0.213430214699,0.5614266221,-0.00251054762482,0.0,0.0,0.0
1609056203439621000,1800,1609056203439621000,1.65034052429,-2.67174481423,5.64269669909,0.905832460198,0.423625265231,-0.00132938042225,-0.00272423525883,0.208419697186,0.568952121206,-0.0128598455088,0.0,0.0,0.0
1609056203539595000,1801,1609056203539595000,1.66604546294,-2.61601102331,5.6405652804,0.906044492342,0.423164763389,-0.003216736184,-0.00214791316181,0.211347811176,0.572958743181,-0.0189856260335,0.0,0.0,0.0
1609056203639683000,1802,1609056203639683000,1.68482879429,-2.55886322022,5.6383162074,0.906128128214,0.422959543034,-0.00565301483507,-0.00225469282555,0.213684566578,0.586653760986,-0.0320099240949,0.0,0.0,0.0
1609056203739711000,1803,1609056203739711000,1.70771530888,-2.50018895515,5.63531573203,0.906095272334,0.423011593545,-0.00708882962168,-0.0015158081587,0.218237338457,0.602571984193,-0.0272239611575,0.0,0.0,0.0
1609056203839744000,1804,1609056203839744000,1.73077282299,-2.44276414231,5.63632349157,0.905784602253,0.42365391013,-0.00844404372076,-0.00056291919431,0.216487377755,0.610841923982,-0.0542009532989,0.0,0.0,0.0
1609056203939789000,1805,1609056203939789000,1.75173288302,-2.38327181652,5.63156959634,0.905633737926,0.423907306063,-0.0114050761588,0.000229855586918,0.223898546661,0.633760212244,-0.0443533983488,0.0,0.0,0.0
1609056204039801000,1806,1609056204039801000,1.77573338511,-2.3185180639,5.62371721583,0.90560935406,0.423904762565,-0.0131836865832,-0.00162496833183,0.241011624646,0.65449659344,-0.0725312015426,0.0,0.0,0.0
1609056204139868000,1807,1609056204139868000,1.79835516851,-2.25329527301,5.61388900969,0.905628905995,0.423838194549,-0.0132949001271,-0.00455138415433,0.267207363231,0.669942713285,-0.0441687389446,0.0,0.0,0.0
1609056204239947000,1808,1609056204239947000,1.8215367077,-2.19079889927,5.60060395931,0.905667492559,0.423834382385,-0.00903125677269,-0.00701752308152,0.290395284644,0.677098933751,-0.072734491678,0.0,0.0,0.0
1609056204339951000,1809,1609056204339951000,1.84859394952,-2.11860965181,5.59070578673,0.905584224394,0.424059970432,-0.00583032009236,-0.00750742123227,0.289725932992,0.68316413658,-0.128662038501,0.0,0.0,0.0
1609056204439875000,1810,1609056204439875000,1.87950115689,-2.04616112394,5.58096236706,0.905540768409,0.424146932102,-0.00391640327634,-0.00894195292873,0.293260016356,0.685207878467,-0.136845074243,0.0,0.0,0.0
1609056204540057000,1811,1609056204540057000,1.90984622878,-1.97727552263,5.56980408244,0.905418017053,0.42440839835,-0.00294161750693,-0.00933127497272,0.295024161161,0.679856575167,-0.146996933024,0.0,0.0,0.0
1609056204640032000,1812,1609056204640032000,1.92201555834,-1.917418931,5.55574632836,0.905328828886,0.424542510326,-0.00446594422008,-0.0111096290237,0.296037456164,0.676070719804,-0.178316437249,0.0,0.0,0.0
1609056204739954000,1813,1609056204739954000,1.95062322271,-1.84918267986,5.53696088161,0.905309313312,0.424484974924,-0.00597827436261,-0.0138496761898,0.310329845419,0.66934009472,-0.171377727918,0.0,0.0,0.0
1609056204840128000,1814,1609056204840128000,1.97882345746,-1.78406023459,5.5202187373,0.905281136424,0.424569485093,-0.00497538740753,-0.0134930308922,0.317661724818,0.660570251921,-0.164724449127,0.0,0.0,0.0
1609056204940098000,1815,1609056204940098000,2.00827487956,-1.71953853739,5.50496667124,0.905396143013,0.424399405429,-0.00232621013284,-0.0117284967036,0.329737373117,0.648822768247,-0.155066418983,0.0,0.0,0.0
1609056205040074000,1816,1609056205040074000,2.03755140761,-1.65754372671,5.48876397491,0.905594612187,0.424007955397,0.000559103376197,-0.0107396248594,0.330057674288,0.642407261206,-0.152826793485,0.0,0.0,0.0
1609056205140192000,1817,1609056205140192000,2.06720950808,-1.59135607906,5.47597123889,0.905765889658,0.423623400984,0.00147650034045,-0.0113660555413,0.325162816381,0.63729914666,-0.102672554101,0.0,0.0,0.0
1609056205240193000,1818,1609056205240193000,2.09687385241,-1.52542938256,5.46811301058,0.906005815414,0.423106698874,0.00243224312239,-0.0113255462415,0.323551059841,0.628668905471,-0.0845156207519,0.0,0.0,0.0
1609056205340244000,1819,1609056205340244000,2.12590555742,-1.46213620191,5.4655504212,0.906164024005,0.422757688834,0.00206076103166,-0.0117665370494,0.323557594733,0.620474414916,-0.0752478960852,0.0,0.0,0.0
1609056205440384000,1820,1609056205440384000,2.16059490447,-1.39777522909,5.46118379405,0.906315327998,0.42240598019,0.000985284860041,-0.012835238592,0.318785488077,0.614808837937,-0.0333654689152,0.0,0.0,0.0
1609056205540231000,1821,1609056205540231000,2.19293074343,-1.33568052545,5.45821848249,0.906415339433,0.422136844557,0.00083122717415,-0.0145267329171,0.325705389563,0.600523496715,-0.0125299785546,0.0,0.0,0.0
1609056205640238000,1822,1609056205640238000,2.226600434,-1.27437865593,5.45840619893,0.906483591059,0.422015898723,-0.00130273593685,-0.0137252775823,0.327533530889,0.586226173882,-0.0186508938004,0.0,0.0,0.0
1609056205740312000,1823,1609056205740312000,2.26097887311,-1.21570322368,5.45992585093,0.906447020504,0.422079728798,-0.00451548893128,-0.0134948848229,0.335039725516,0.577825131062,-7.8576054982e-05,0.0,0.0,0.0
1609056205840390000,1824,1609056205840390000,2.29387777473,-1.1584978861,5.46090436033,0.906421237369,0.422123122552,-0.0067513360302,-0.0129239822039,0.351692673437,0.568312826132,-0.00836114215537,0.0,0.0,0.0
1609056205940334000,1825,1609056205940334000,2.32685707129,-1.10110807131,5.46108544607,0.906396968809,0.422146878005,-0.00921980258543,-0.012310303182,0.373103195676,0.562809620466,0.0151063022297,0.0,0.0,0.0
1609056206040429000,1826,1609056206040429000,2.36650113996,-1.04480646524,5.45987923207,0.906458131409,0.422040743979,-0.00912835548875,-0.0114864942478,0.398041031518,0.565411748785,0.0318587484671,0.0,0.0,0.0
1609056206140418000,1827,1609056206140418000,2.41102951586,-0.985074226138,5.46977155565,0.906342748085,0.422317655439,-0.00784466430669,-0.0113614321271,0.42193986676,0.567229634062,0.0481032783931,0.0,0.0,0.0
1609056206240450000,1828,1609056206240450000,2.45380702105,-0.928120098254,5.4751846061,0.906270663893,0.422511119751,-0.00548911743385,-0.0113007540838,0.437986402544,0.565244652955,0.0745776740798,0.0,0.0,0.0
1609056206340484000,1829,1609056206340484000,2.49777951371,-0.87094975449,5.48233961433,0.906189455807,0.422745628967,-0.0022277097892,-0.0100916144746,0.44804737193,0.561255824415,0.0801323163331,0.0,0.0,0.0
1609056206440566000,1830,1609056206440566000,2.54148434111,-0.814177694767,5.49030580357,0.906277581528,0.422619377279,0.000502655043563,-0.0073180944474,0.447502660653,0.554336116881,0.06335151053,0.0,0.0,0.0
1609056206540742000,1831,1609056206540742000,2.58444477478,-0.759390863905,5.49749495182,0.906292496273,0.4226275767,0.00227539038195,-0.00382951830596,0.436632660828,0.5591236522,0.0522077356486,0.0,0.0,0.0
1609056206640602000,1832,1609056206640602000,2.6517635212,-0.673669605653,5.50540666148,0.906208860443,0.422781469356,0.00369428311566,-0.00526143483798,0.426521095975,0.567948133111,0.0506088567461,0.0,0.0,0.0
1609056206740557000,1833,1609056206740557000,2.69245553344,-0.618338437107,5.51035578076,0.906146113032,0.422896277249,0.00450457049602,-0.00613753781185,0.413052711502,0.572355978116,0.0446361304057,0.0,0.0,0.0
1609056206840583000,1834,1609056206840583000,2.73119925197,-0.564537024723,5.51758793702,0.906054942403,0.42307613936,0.00524298961814,-0.00659793226229,0.403574860083,0.568571641513,0.0354152213469,0.0,0.0,0.0
1609056206940745000,1835,1609056206940745000,2.76817180465,-0.508428980622,5.52223347061,0.90591782406,0.423371108402,0.006086660016,-0.00572304031374,0.390076474077,0.572478453434,0.0445038282823,0.0,0.0,0.0
1609056207040713000,1836,1609056207040713000,2.80839708475,-0.446422626889,5.52169346999,0.905823617901,0.423566231646,0.00772810387973,-0.00393663216396,0.381582570461,0.57622845302,0.041209286906,0.0,0.0,0.0
1609056207140718000,1837,1609056207140718000,2.8463657867,-0.387399102856,5.52341958357,0.905831430655,0.423548725361,0.00853149473999,-0.00176354201663,0.36260629161,0.582848000306,0.0276078788441,0.0,0.0,0.0
1609056207240825000,1838,1609056207240825000,2.8908735489,-0.326917736706,5.52898481208,0.905834519934,0.423541001931,0.00866178591768,-0.00134745834539,0.348757144866,0.589773480883,0.0351798035274,0.0,0.0,0.0
1609056207340765000,1839,1609056207340765000,2.92664952158,-0.264753656439,5.5302630349,0.905981329402,0.423170195963,0.0111690052264,-0.000263335950037,0.330737763472,0.602098943141,0.0412888742137,0.0,0.0,0.0
1609056207440864000,1840,1609056207440864000,2.96011470198,-0.202799491106,5.53213162336,0.905976901969,0.423100500248,0.0138350866498,0.000640442842681,0.299589805159,0.617863688921,0.0412534770688,0.0,0.0,0.0
1609056207540885000,1841,1609056207540885000,2.98551240129,-0.144024012164,5.53681709243,0.90603150189,0.422937146231,0.0151987003508,-0.000295682867406,0.269755754729,0.618998810749,0.0492455850047,0.0,0.0,0.0
1609056207640785000,1842,1609056207640785000,3.00373486523,-0.0899891218223,5.54491823228,0.906101707551,0.422768457701,0.0157010482128,-6.18986848261e-05,0.23220857331,0.618943420626,-0.0089509374966,0.0,0.0,0.0
1609056207740864000,1843,1609056207740864000,3.02341260051,-0.0412128956703,5.54722433028,0.906100020177,0.422824893914,0.0141589786612,-0.00117721927265,0.199959663664,0.61565331418,-0.00856282257316,0.0,0.0,0.0
1609056207840924000,1844,1609056207840924000,3.0436533667,0.0246251647232,5.54409809791,0.906142938603,0.422714617376,0.0144416757292,-0.00296058765295,0.180991000421,0.613997078708,-0.00955287341027,0.0,0.0,0.0
1609056207940959000,1845,1609056207940959000,3.05802468038,0.0830726776954,5.54686655757,0.906057058365,0.422876159754,0.0143456659195,-0.00552832412779,0.141509673967,0.614308344698,-0.0276680165113,0.0,0.0,0.0
1609056208040976000,1846,1609056208040976000,3.07179792122,0.141864266579,5.54715375736,0.906009841155,0.422973840842,0.0132023392247,-0.00806200553049,0.118704995772,0.605831753303,0.0108342960476,0.0,0.0,0.0
1609056208141085000,1847,1609056208141085000,3.08348014309,0.203320724159,5.54959171956,0.905867466917,0.4231957151,0.0128505812116,-0.0120158921981,0.0952347050313,0.594264420297,0.0618427022803,0.0,0.0,0.0
1609056208241014000,1848,1609056208241014000,3.09057603222,0.261250808925,5.55720447857,0.905905915864,0.423097878666,0.011575857071,-0.0137352176481,0.075664448349,0.569539046437,0.0721549202475,0.0,0.0,0.0
1609056208341185000,1849,1609056208341185000,3.08852882537,0.294126541767,5.56982479406,0.905990489585,0.42297912759,0.00745278850836,-0.0146405720074,0.0622765234205,0.543176661178,0.0711313096711,0.0,0.0,0.0
1609056208441128000,1850,1609056208441128000,3.09318897574,0.348872413517,5.57874144389,0.906115535889,0.422625066559,0.00670850257055,-0.0172535425475,0.0578600600679,0.527902885178,0.138873210529,0.0,0.0,0.0
1609056208541158000,1851,1609056208541158000,3.09663557689,0.400050609781,5.59010759951,0.90630303773,0.422196927542,0.00609085714729,-0.0180958457891,0.050923276277,0.501903387247,0.117006521429,0.0,0.0,0.0
1609056208641234000,1852,1609056208641234000,3.10292740063,0.449538689662,5.60073229902,0.906309581912,0.422177645653,0.00517213455799,-0.0184993586116,0.0429505258818,0.482496375875,0.109025241339,0.0,0.0,0.0
1609056208741360000,1853,1609056208741360000,3.10693939003,0.495202651307,5.61216917376,0.906327270892,0.422164787554,0.00365916729659,-0.018286078898,0.0402660883561,0.455667138539,0.0774352282361,0.0,0.0,0.0
1609056208841272000,1854,1609056208841272000,3.10771703799,0.537518417064,5.62494173892,0.906372476263,0.422011724741,-0.000629073648792,-0.01986561654,0.0430875564506,0.433184354065,0.0612592815127,0.0,0.0,0.0
1609056208941395000,1855,1609056208941395000,3.11440132588,0.571375561516,5.63011331696,0.906368268257,0.422060779717,-0.0040347057269,-0.0185736822224,0.0477491602385,0.409928426616,0.0331047468373,0.0,0.0,0.0
1609056209041366000,1856,1609056209041366000,3.11924044257,0.613041471289,5.63087485088,0.906404488826,0.422122506633,-0.00748522222902,-0.0136917303031,0.0661593430847,0.406088574551,0.0396578323073,0.0,0.0,0.0
1609056209141359000,1857,1609056209141359000,3.1275827995,0.657114790473,5.63111025951,0.906400180321,0.422190089467,-0.00957773546921,-0.0101246458834,0.0824579659341,0.411809110897,0.0339293644969,0.0,0.0,0.0
1609056209241322000,1858,1609056209241322000,3.13413457306,0.690289796951,5.63052107612,0.90642048121,0.422233906627,-0.00797223959934,-0.00754206417886,0.0974611779038,0.423071646837,0.0359486086902,0.0,0.0,0.0
1609056209341408000,1859,1609056209341408000,3.14289351141,0.734984923384,5.63115104709,0.90647323005,0.422170862279,-0.00612060035526,-0.00637059616768,0.0979361069607,0.440762687833,0.0232828828593,0.0,0.0,0.0
1609056209441450000,1860,1609056209441450000,3.1542292894,0.781265611419,5.63501776707,0.9065159861,0.422064504717,-0.00483419678483,-0.00818238017666,0.102907163643,0.447931932882,0.0172037481382,0.0,0.0,0.0
1609056209541435000,1861,1609056209541435000,3.16513313351,0.82752853855,5.63871821693,0.906589673693,0.421896220328,-0.00390876610567,-0.00913588384607,0.103355002173,0.455567793692,0.00419071178959,0.0,0.0,0.0
1609056209641429000,1862,1609056209641429000,3.17601111839,0.872611317038,5.6401320601,0.906582820551,0.421885793033,-0.00359655711007,-0.0103456220931,0.107331426247,0.461903588266,0.00976403219738,0.0,0.0,0.0
1609056209741544000,1863,1609056209741544000,3.18673442902,0.918964024958,5.64125013,0.906605139866,0.421785403912,-0.00481240365145,-0.0118757814731,0.108448355788,0.464158260469,-0.00802666078139,0.0,0.0,0.0
1609056209841578000,1864,1609056209841578000,3.19773597448,0.966977642947,5.64421672802,0.906677257739,0.42158115779,-0.00753513492264,-0.0122024357404,0.11785179647,0.467787425443,-0.00639398066721,0.0,0.0,0.0
1609056209941598000,1865,1609056209941598000,3.20983013765,1.0138712347,5.64647265183,0.906784698921,0.421257791156,-0.0119753533609,-0.0118310652806,0.135092266912,0.47220358624,-0.00858468719471,0.0,0.0,0.0
1609056210041573000,1866,1609056210041573000,3.2245371467,1.06320288135,5.64879168286,0.906773252789,0.421143371344,-0.0165702915053,-0.0112229336242,0.154404714582,0.484207070484,-0.0164363568641,0.0,0.0,0.0
1609056210141598000,1867,1609056210141598000,3.24146755734,1.11268708485,5.64409719661,0.906762412759,0.420976174869,-0.0209831760668,-0.0109860512368,0.195351217704,0.505405233532,-0.00113041555456,0.0,0.0,0.0
1609056210241687000,1868,1609056210241687000,3.26720591581,1.17104997926,5.63526839252,0.906703264062,0.42096788883,-0.0226242208751,-0.0127817112418,0.227562886799,0.530520448058,0.00650196839482,0.0,0.0,0.0
1609056210341698000,1869,1609056210341698000,3.28866542151,1.22239145543,5.63366278029,0.906761462103,0.42081750182,-0.0212055049424,-0.0157037437412,0.271431526683,0.538239020856,-0.000120275507468,0.0,0.0,0.0
1609056210441762000,1870,1609056210441762000,3.31438183841,1.27410002704,5.62855334474,0.906847976858,0.420936968578,-0.0153926880128,-0.0142084660901,0.312790418019,0.550814224274,0.0341593325854,0.0,0.0,0.0
1609056210541776000,1871,1609056210541776000,3.34595944022,1.32665862159,5.62870567092,0.906955784022,0.420967254262,-0.00607043644447,-0.0134508910414,0.329713282839,0.552871255669,0.0271668637071,0.0,0.0,0.0
1609056210641789000,1872,1609056210641789000,3.38158974783,1.38673963067,5.63834715219,0.906966241275,0.420899116145,-0.00284352734637,-0.0157507323175,0.32406601952,0.549236316251,-0.00289425926708,0.0,0.0,0.0
1609056210741906000,1873,1609056210741906000,3.41749440479,1.44348777809,5.6244961624,0.906931607631,0.420878091481,-0.0020148200948,-0.0182381931948,0.326681751453,0.542136303158,-0.0205309841178,0.0,0.0,0.0
1609056210841892000,1874,1609056210841892000,3.45069566356,1.4957514659,5.62124252035,0.90700611537,0.420624183921,-0.00225625656205,-0.0202512194633,0.33858060368,0.525244939074,-0.0326275154035,0.0,0.0,0.0
1609056210941860000,1875,1609056210941860000,3.48433900429,1.54752079486,5.61678850362,0.907051849023,0.420475387952,-0.00186530554121,-0.0213052093608,0.350634656006,0.509124882393,-0.0297460294215,0.0,0.0,0.0
1609056211041915000,1876,1609056211041915000,3.51834505954,1.59935173464,5.61648829482,0.907080768205,0.420302090438,-0.00263180974391,-0.0233175106737,0.355883707582,0.494910552536,-0.0382774771583,0.0,0.0,0.0
1609056211141946000,1877,1609056211141946000,3.56288710941,1.66248782606,5.6067790915,0.907109898953,0.420167430428,-0.00351405168242,-0.0244665704657,0.367602669297,0.478925168535,-0.0312131131447,0.0,0.0,0.0
1609056211241972000,1878,1609056211241972000,3.60036182754,1.70928648779,5.60254649229,0.907214358753,0.419843414607,-0.00508706027396,-0.0258405940519,0.383075622643,0.453474522077,-0.0462042175543,0.0,0.0,0.0
1609056211341966000,1879,1609056211341966000,3.63781947476,1.75559456504,5.6001840667,0.907292566255,0.41965559183,-0.00787823230167,-0.0254424236209,0.400988407139,0.434171645882,-0.041276441766,0.0,0.0,0.0
1609056211442045000,1880,1609056211442045000,3.67918922715,1.79870272401,5.59349244028,0.907330062508,0.419699551133,-0.0066696688461,-0.023663473218,0.43289897962,0.41877799103,-0.0036588454032,0.0,0.0,0.0
1609056211542338000,1881,1609056211542338000,3.7243039434,1.84374367989,5.59070843316,0.907318861533,0.419848303166,-0.00440926525471,-0.0219190377192,0.44804388023,0.404655423197,-0.00884708951642,0.0,0.0,0.0
1609056211642088000,1882,1609056211642088000,3.76873618865,1.88770786805,5.59498274953,0.907302638822,0.419976742247,-0.00309042283751,-0.0202954882956,0.457367497264,0.388991180449,0.03417603863,0.0,0.0,0.0
1609056211742101000,1883,1609056211742101000,3.81356395068,1.9285291314,5.60007212611,0.907289774193,0.420114880595,-0.00260592212937,-0.0179432972659,0.459992158071,0.380237247501,0.045219578386,0.0,0.0,0.0
1609056211842130000,1884,1609056211842130000,3.85896945653,1.96868998737,5.60574181227,0.907274392891,0.420206541295,-0.00231355779792,-0.0165615852683,0.466968172962,0.373431292045,0.0566614159367,0.0,0.0,0.0
1609056211942439000,1885,1609056211942439000,3.90410111302,2.00957401908,5.61013141671,0.907280657309,0.420205532419,-0.00206668276397,-0.0162741580443,0.472590551457,0.369025545289,0.0919765897337,0.0,0.0,0.0
1609056212042243000,1886,1609056212042243000,3.94961367276,2.04854323585,5.614207124,0.907225435435,0.420403077907,0.0011938922396,-0.014206900006,0.476798022777,0.366490099787,0.115518808184,0.0,0.0,0.0
1609056212142974000,1887,1609056212142974000,3.99588388478,2.09056729958,5.62245718011,0.907129046168,0.420615516562,0.00421163385244,-0.0134812078581,0.463190137782,0.360978755845,0.107023437022,0.0,0.0,0.0
1609056212242814000,1888,1609056212242814000,4.03927192345,2.12563499165,5.63542895847,0.907071703915,0.420776399908,0.00543588418739,-0.0117726972508,0.446611786988,0.354232610614,0.100480944138,0.0,0.0,0.0
1609056212342248000,1889,1609056212342248000,4.08028192502,2.16065533909,5.64624711089,0.907067126773,0.420864368868,0.00476266462772,-0.00892902967766,0.425824063718,0.354549941826,0.0878688854332,0.0,0.0,0.0
1609056212442325000,1890,1609056212442325000,4.12134963827,2.19657506523,5.65418497173,0.907108476711,0.420805768367,0.00408733429059,-0.00774664350692,0.407135983929,0.361176261431,0.0829171286599,0.0,0.0,0.0
1609056212542304000,1891,1609056212542304000,4.16241285687,2.2337851865,5.66037532118,0.907139779679,0.420719984998,0.00349497466643,-0.00893865196617,0.394444607887,0.367999814439,0.0830130892419,0.0,0.0,0.0
1609056212642400000,1892,1609056212642400000,4.20690676616,2.27153638531,5.66435635008,0.907129306226,0.420655774186,0.0045631307002,-0.0120132954991,0.378450564354,0.370261836964,0.0927676384667,0.0,0.0,0.0
1609056212742333000,1893,1609056212742333000,4.24452295539,2.30763203338,5.67133030144,0.90717133979,0.420460017546,0.00499023631951,-0.015120563814,0.367621299789,0.359584552508,0.0791865230065,0.0,0.0,0.0
1609056212843376000,1894,1609056212843376000,4.27873060523,2.34618101411,5.67964610967,0.907265344768,0.420187402955,0.00618404102592,-0.0165498706038,0.358234049168,0.341278161556,0.0589290291141,0.0,0.0,0.0
1609056212942965000,1895,1609056212942965000,4.30988564518,2.38080232009,5.68721493895,0.90737417207,0.420030354892,0.00407255712282,-0.015166644564,0.335899180169,0.329549083738,0.0211913428418,0.0,0.0,0.0
1609056213042442000,1896,1609056213042442000,4.34183552047,2.41313876192,5.69107134974,0.907384438106,0.420146745451,0.000312712042453,-0.0114059625544,0.323395659071,0.322130080437,-0.0270513689945,0.0,0.0,0.0
1609056213142627000,1897,1609056213142627000,4.37446672186,2.44797153652,5.68684649551,0.907353139263,0.420261196443,-0.00411831840438,-0.00859342119609,0.318930253589,0.324975481651,-0.0492603904747,0.0,0.0,0.0
1609056213243065000,1898,1609056213243065000,4.40958654047,2.48164729651,5.67908321428,0.907341387628,0.420269415713,-0.00880037850562,-0.00527046967896,0.323253844362,0.340650086944,-0.0624254159719,0.0,0.0,0.0
1609056213342595000,1899,1609056213342595000,4.44475082015,2.51555874198,5.6699963339,0.907334851237,0.420246773283,-0.0109100113959,-0.00413387556859,0.330088583175,0.366192411722,-0.0556432736419,0.0,0.0,0.0
1609056213443072000,1900,1609056213443072000,4.48098918158,2.54624846326,5.6569262415,0.907232706512,0.420474950915,-0.0109171012359,-0.00323245861336,0.345986369665,0.385797644259,-0.0335599192289,0.0,0.0,0.0
1609056213543031000,1901,1609056213543031000,4.51363375779,2.58398166746,5.64953068434,0.907199256573,0.420613849947,-0.00791316399999,-0.00329847564057,0.347602902686,0.41037374588,-0.0444941557364,0.0,0.0,0.0
1609056213642659000,1902,1609056213642659000,4.54804342234,2.62315630793,5.64501613987,0.907235719705,0.420564558268,-0.00467973707963,-0.00518664441391,0.347370381463,0.429479535132,-0.0353251116591,0.0,0.0,0.0
1609056213742792000,1903,1609056213742792000,4.58236688361,2.66503835391,5.64168867645,0.90726128997,0.420461833505,-0.00183663861033,-0.00924256706167,0.340036351694,0.441878854383,-0.0369223697282,0.0,0.0,0.0
1609056213842654000,1904,1609056213842654000,4.61423688746,2.70811795541,5.63938491199,0.907300081041,0.420305662625,0.000515791984371,-0.012224846269,0.337648182679,0.440150890229,-0.0269747028219,0.0,0.0,0.0
1609056213942721000,1905,1609056213942721000,4.64724063314,2.75446987832,5.63875587814,0.907391638572,0.420054596694,0.0032842980524,-0.0135559371876,0.324791853727,0.436097792771,-0.0434113659391,0.0,0.0,0.0
1609056214042910000,1906,1609056214042910000,4.68284542194,2.79627807227,5.63063113293,0.907323170343,0.420168734333,0.00393727247806,-0.0144012892889,0.316293757961,0.430002710305,-0.0404519069041,0.0,0.0,0.0
1609056214142831000,1907,1609056214142831000,4.71220331949,2.8388064753,5.62759344784,0.907350780492,0.420079189591,0.00473821202337,-0.0150194859957,0.305147761078,0.419238299663,-0.0350514111992,0.0,0.0,0.0
1609056214242828000,1908,1609056214242828000,4.7435451157,2.8810053844,5.62582573938,0.907338175391,0.42014365914,0.00400239107562,-0.0141676401893,0.289113894654,0.411282230056,-0.055305802829,0.0,0.0,0.0
1609056214342991000,1909,1609056214342991000,4.7743739139,2.92145511604,5.62129382201,0.907301024668,0.420185850313,0.00192318028771,-0.0156525783822,0.287198494306,0.40123463396,-0.0503438624267,0.0,0.0,0.0
1609056214442922000,1910,1609056214442922000,4.80430263992,2.96223319021,5.6176135615,0.907264240161,0.420281257533,0.000809921249137,-0.0153168899804,0.279828007318,0.394040784798,-0.0517696753401,0.0,0.0,0.0
1609056214542834000,1911,1609056214542834000,4.83313754257,3.00226247728,5.6146073732,0.907266610862,0.420282764514,-0.00244226076023,-0.0149576077429,0.284688488918,0.387599011708,-0.049773087335,0.0,0.0,0.0
1609056214643061000,1912,1609056214643061000,4.8627479837,3.04255009171,5.61135074066,0.907252106646,0.420336483836,-0.0049421979938,-0.0136539379689,0.285671750764,0.38916582203,-0.0359123885598,0.0,0.0,0.0
1609056214742948000,1913,1609056214742948000,4.89303905678,3.08292575771,5.60776638757,0.907200393033,0.420404441721,-0.00761811842417,-0.0137665004006,0.297149750924,0.395356582002,-0.0130999186885,0.0,0.0,0.0
1609056214843081000,1914,1609056214843081000,4.92415584324,3.12374190788,5.60471147731,0.907209497974,0.42030913702,-0.00910623700086,-0.0151073681398,0.308013777949,0.400064813974,-0.0235883909145,0.0,0.0,0.0
1609056214943044000,1915,1609056214943044000,4.96104621319,3.16401498978,5.60205290524,0.90711516472,0.420467714549,-0.00972018345885,-0.0159529618073,0.328172826764,0.403194371058,0.0062647651999,0.0,0.0,0.0
1609056215042994000,1916,1609056215042994000,4.99381211366,3.20446676404,5.5985213868,0.907188723976,0.42040269794,-0.00688368389996,-0.0149266724614,0.340897341306,0.404642805924,0.00246498541354,0.0,0.0,0.0
1609056215143488000,1917,1609056215143488000,5.02981102995,3.24629339164,5.5985450599,0.907207236805,0.420447726952,-0.00436134220744,-0.013405860061,0.340932266276,0.410219525409,0.00798738880411,0.0,0.0,0.0
1609056215243093000,1918,1609056215243093000,5.06460227615,3.28719378978,5.59878009069,0.907252573362,0.420360984588,-0.00122268483725,-0.0137082386376,0.343309270137,0.41007688479,0.0078974226273,0.0,0.0,0.0
1609056215343454000,1919,1609056215343454000,5.09926463066,3.32848535845,5.5980688737,0.907315650011,0.42021011132,0.000662841942307,-0.0141892293858,0.341029497692,0.409617110211,0.00234933596449,0.0,0.0,0.0
1609056215443196000,1920,1609056215443196000,5.13218443546,3.37112792914,5.60043847998,0.907353787596,0.420104841357,0.00301975521061,-0.0145570423653,0.328395925602,0.404702826285,-0.0018491047881,0.0,0.0,0.0
1609056215543284000,1921,1609056215543284000,5.14997515776,3.39701919239,5.59799667039,0.907434656442,0.419884513102,0.00409914185319,-0.0155735988247,0.322083349747,0.394360765948,-0.00509378216826,0.0,0.0,0.0
1609056215643220000,1922,1609056215643220000,5.18107818848,3.43529676834,5.59777363111,0.907565687966,0.419559384475,0.00415267969537,-0.0166493296371,0.31323382724,0.379793226487,-0.0127788780846,0.0,0.0,0.0
1609056215743207000,1923,1609056215743207000,5.21133488877,3.4718849646,5.599383471,0.907727205904,0.419217470579,0.00104931300328,-0.0169390367286,0.30380016568,0.365781193904,-0.0141918185131,0.0,0.0,0.0
1609056215843379000,1924,1609056215843379000,5.24238500784,3.50759643332,5.60010697217,0.907731821444,0.4192450193,-0.00100430491262,-0.0159857906542,0.304963383111,0.356810359663,-0.00531153951914,0.0,0.0,0.0
1609056215943317000,1925,1609056215943317000,5.27282897313,3.54425103496,5.5991689957,0.90771890321,0.419305810395,-0.00259472172231,-0.0149096459832,0.307204369694,0.3519922781,0.00877347456834,0.0,0.0,0.0
1609056216043265000,1926,1609056216043265000,5.30237443662,3.58144656608,5.5961635197,0.907742100302,0.419310939151,-0.00309279822963,-0.0131548563929,0.315610808851,0.351444601314,0.0219924644755,0.0,0.0,0.0
1609056216143441000,1927,1609056216143441000,5.33418622891,3.61724823366,5.5942433783,0.907722005597,0.419478873749,0.00579579125245,-0.00668160439456,0.31363534766,0.348845114655,0.0212489613865,0.0,0.0,0.0
1609056216243391000,1928,1609056216243391000,5.36818345404,3.65451845019,5.59489586526,0.907598082519,0.419714328669,0.00867412719015,-0.00551021191157,0.285250665131,0.3572544371,0.0136811361014,0.0,0.0,0.0
1609056216343425000,1929,1609056216343425000,5.39986020091,3.69260884359,5.60138487299,0.907461151623,0.420002794216,0.00905698982007,-0.00546645057473,0.25371687188,0.364015846107,-0.0096326164036,0.0,0.0,0.0
1609056216444402000,1930,1609056216444402000,5.44143995379,3.72985466265,5.60956718054,0.907327234463,0.420304860399,0.0059123495347,-0.00813375986142,0.22710449319,0.363595725705,-0.029969577603,0.0,0.0,0.0
1609056216543466000,1931,1609056216543466000,5.46228461962,3.76141471313,5.61123331799,0.907294421109,0.420384529494,0.00260433004258,-0.00932192313911,0.211288239785,0.359700050093,-0.0370485142671,0.0,0.0,0.0
1609056216643628000,1932,1609056216643628000,5.48037065886,3.79879197427,5.60630171586,0.907366744638,0.42023487756,0.000315945770172,-0.00938821519863,0.213904259173,0.355633642112,-0.030563693431,0.0,0.0,0.0
1609056216743929000,1933,1609056216743929000,5.50066949424,3.83674659178,5.59859309102,0.907467832427,0.420051014743,0.000398212122775,-0.00768892384294,0.209965319446,0.361475787547,-0.0243856875692,0.0,0.0,0.0
1609056216843583000,1934,1609056216843583000,5.52423511565,3.87489124721,5.59463262442,0.90752369325,0.419936535138,0.00157815664903,-0.00718067319808,0.198778055769,0.369650066138,-0.0210167564042,0.0,0.0,0.0
1609056216943569000,1935,1609056216943569000,5.54842850278,3.91340159974,5.59483310856,0.907590505877,0.419761691251,0.000524835961163,-0.00890621957181,0.189013428337,0.372110575677,-0.0278797755032,0.0,0.0,0.0
1609056217043710000,1936,1609056217043710000,5.56878534991,3.95140321804,5.59524089396,0.907662931018,0.419594007267,0.000449859337483,-0.00941649339957,0.184353222546,0.37149531503,-0.020616437696,0.0,0.0,0.0
1609056217143682000,1937,1609056217143682000,5.58760285201,3.9896746225,5.59482957011,0.907719509599,0.419494956638,0.000496913596858,-0.00830820832553,0.174776906335,0.374540267178,-0.0312198611168,0.0,0.0,0.0
1609056217243683000,1938,1609056217243683000,5.60605449938,4.02735402781,5.59590820618,0.907797630615,0.419316106815,-0.00110910063049,-0.0087312261605,0.164593664123,0.375750260251,-0.0506546671513,0.0,0.0,0.0
1609056217343753000,1939,1609056217343753000,5.62440112501,4.06417967376,5.58566996446,0.907813190948,0.419225554286,-0.00593866813564,-0.00948035843641,0.167592736949,0.383784464733,-0.0132969708409,0.0,0.0,0.0
1609056217443705000,1940,1609056217443705000,5.64281448792,4.10604178566,5.57912029487,0.907930991957,0.418952935001,-0.00464258512103,-0.0108719133964,0.177771024974,0.394505677546,0.0184940526543,0.0,0.0,0.0
1609056217543814000,1941,1609056217543814000,5.66035756991,4.14531415858,5.57608328979,0.908051295552,0.418660319271,-0.00373087265408,-0.0123475626499,0.174931676341,0.39373895825,0.00817880819835,0.0,0.0,0.0
1609056217643839000,1942,1609056217643839000,5.68171966525,4.1862195694,5.57927298332,0.908167022497,0.418301380411,-0.00460633976068,-0.0153426213329,0.179628067534,0.393035670625,0.0323749935849,0.0,0.0,0.0
1609056217743864000,1943,1609056217743864000,5.69865695736,4.22467333412,5.58388345773,0.908152480349,0.418346204436,-0.00470724507883,-0.014945484719,0.182439332026,0.385731908316,0.0208925759317,0.0,0.0,0.0
1609056217843870000,1944,1609056217843870000,5.71741732638,4.262857715,5.58673498924,0.908090299496,0.418532737854,-0.00577301890896,-0.0130010599072,0.191022890511,0.384349165964,0.036212405737,0.0,0.0,0.0
1609056217944033000,1945,1609056217944033000,5.73728548597,4.30197747196,5.5886305088,0.908033979083,0.418648128553,-0.00710865165316,-0.012550074188,0.194385938721,0.387886287502,0.0281156893557,0.0,0.0,0.0
1609056218043972000,1946,1609056218043972000,5.75787615109,4.34141806026,5.59069212676,0.908016508196,0.418722790068,-0.00718885443773,-0.0112056366875,0.201204828967,0.394493464799,0.0275801359522,0.0,0.0,0.0
1609056218143978000,1947,1609056218143978000,5.78051002931,4.38191087532,5.59002835721,0.907993707228,0.41877165565,-0.00670874117002,-0.011520453619,0.208005642351,0.40281793379,0.0290573297415,0.0,0.0,0.0
1609056218244097000,1948,1609056218244097000,5.8364155857,4.4362375485,5.58024744059,0.907946019065,0.418945232422,-0.00403718601284,-0.0101301443044,0.220473048701,0.401043134886,0.0155782002764,0.0,0.0,0.0
1609056218344113000,1949,1609056218344113000,5.85731901084,4.47481072936,5.58322036518,0.908119090921,0.418539959494,-0.00349590670507,-0.0114803156761,0.21678524802,0.404703531922,0.0306347071377,0.0,0.0,0.0
1609056218443996000,1950,1609056218443996000,5.87847574911,4.51651601254,5.58541886911,0.908256707712,0.418240955568,-0.00233393900094,-0.0117817108786,0.218772604546,0.402642097179,0.0233272039057,0.0,0.0,0.0
1609056218545145000,1951,1609056218545145000,5.89577792015,4.5552888558,5.59026753195,0.908435604288,0.417905857045,-0.00119254121735,-0.0099007754953,0.208951646835,0.401382083711,-0.00718194160538,0.0,0.0,0.0
1609056218644178000,1952,1609056218644178000,5.91581982431,4.59303546553,5.59749759599,0.908388423941,0.418025950024,-0.00406916528608,-0.00825943403828,0.195717267378,0.404532509929,-0.0187845139639,0.0,0.0,0.0
1609056218744082000,1953,1609056218744082000,5.93730313004,4.63363346899,5.59780283034,0.908310156597,0.418160166199,-0.00779854375351,-0.00734285655784,0.198599370626,0.412166415628,-0.0321926422534,0.0,0.0,0.0
1609056218844288000,1954,1609056218844288000,5.96084522673,4.67713498088,5.58915827727,0.908322283899,0.418035150488,-0.0114098538298,-0.00818881949432,0.208512844888,0.425881902881,-0.0157471783454,0.0,0.0,0.0
1609056218944172000,1955,1609056218944172000,5.98249833116,4.71943542334,5.58441309513,0.908285266259,0.418033621011,-0.013958560602,-0.00842172120554,0.217797672549,0.437953963897,-0.0359918242099,0.0,0.0,0.0
1609056219044186000,1956,1609056219044186000,6.00472200993,4.76312988131,5.57837914294,0.907805989663,0.419084597629,-0.0140093563228,-0.00775390855653,0.249082101469,0.444515050139,-0.00677726590998,0.0,0.0,0.0
1609056219144572000,1957,1609056219144572000,6.03693309446,4.80357980068,5.57427489717,0.908011107414,0.4187005522,-0.0120534275163,-0.00777118299538,0.257804310133,0.455636939602,0.0222244307654,0.0,0.0,0.0
1609056219244265000,1958,1609056219244265000,6.06285540164,4.85079658333,5.58001887769,0.908204390561,0.418289232008,-0.0120210390159,-0.00737549816163,0.260080133683,0.46941767955,0.0137856967943,0.0,0.0,0.0
1609056219344285000,1959,1609056219344285000,6.08885022579,4.89695700019,5.58206930525,0.9082369759,0.418129663803,-0.0133310510807,-0.00977051346986,0.272956633222,0.480117594989,-0.0114834755818,0.0,0.0,0.0
1609056219444343000,1960,1609056219444343000,6.11313730564,4.94435189672,5.58099908559,0.908268425564,0.417990776163,-0.0154733159812,-0.00963092202164,0.288415346506,0.490895943384,-0.0163464208825,0.0,0.0,0.0
1609056219544347000,1961,1609056219544347000,6.14364290587,4.99174335751,5.57751728786,0.90762994545,0.419328400582,-0.0162810355526,-0.0103200033541,0.303181697766,0.514933350458,0.000345811707116,0.0,0.0,0.0
1609056219644445000,1962,1609056219644445000,6.17896136271,5.04186865977,5.57466055971,0.906442509521,0.421973676609,-0.0145407877148,-0.00942118225585,0.323601994169,0.529096778964,0.0135123113217,0.0,0.0,0.0
1609056219744457000,1963,1609056219744457000,6.20960539631,5.09478118137,5.57382677459,0.905148252158,0.424847444559,-0.0122250770119,-0.00786371150908,0.338945910366,0.544120508608,0.00466684577759,0.0,0.0,0.0
1609056219844399000,1964,1609056219844399000,6.24558691509,5.14579593892,5.57327237469,0.903775587163,0.427779158095,-0.0109959012731,-0.0085889523412,0.344357630811,0.555659945045,-0.00828984627457,0.0,0.0,0.0
1609056219944429000,1965,1609056219944429000,6.27929915172,5.2023900906,5.57616317551,0.902386036563,0.430716539625,-0.0106990908847,-0.00826032468765,0.345596324409,0.575531759738,-0.00285798368489,0.0,0.0,0.0
1609056220044564000,1966,1609056220044564000,6.31497314497,5.2614889989,5.57410324969,0.900834712856,0.433934565519,-0.0100747571366,-0.00980368449641,0.358018318916,0.58964683607,-0.0096852472801,0.0,0.0,0.0
1609056220144587000,1967,1609056220144587000,6.33482669289,5.30280064238,5.57291953407,0.89918031271,0.437416547847,-0.00719720123523,-0.0094725497839,0.355296196307,0.593708997839,-0.0245046903333,0.0,0.0,0.0
1609056220244528000,1968,1609056220244528000,6.37082836871,5.36470376139,5.57076357458,0.897527466306,0.440805267646,-0.004077997698,-0.0108872942695,0.352713459553,0.605046843338,-0.0148837160475,0.0,0.0,0.0
1609056220344593000,1969,1609056220344593000,6.40090787109,5.42240746477,5.56636349292,0.896052857601,0.443748756689,-0.0015762606276,-0.0131845638778,0.354097194797,0.599043855656,-0.022481285326,0.0,0.0,0.0
1609056220444646000,1970,1609056220444646000,6.43263432807,5.48081087864,5.56614587621,0.895119585139,0.445591712743,-0.00143298489764,-0.014384032428,0.345495082688,0.588540383081,-0.0460064055977,0.0,0.0,0.0
1609056220544683000,1971,1609056220544683000,6.46828384392,5.54955630942,5.56374119393,0.894045872932,0.447705517552,-0.00425959965585,-0.014953342677,0.344980732074,0.588767532521,-0.0340816677531,0.0,0.0,0.0
1609056220644684000,1972,1609056220644684000,6.50084441664,5.60798907834,5.56043825758,0.893205681835,0.449397324249,-0.00389183234221,-0.0145089123239,0.351290992727,0.585361621262,-0.0447569092729,0.0,0.0,0.0
1609056220744736000,1973,1609056220744736000,6.53314260722,5.66692283554,5.55475419337,0.892563734658,0.450709207044,-0.00477776179398,-0.0129754865823,0.350757970332,0.59196522409,-0.0428031475969,0.0,0.0,0.0
1609056220844717000,1974,1609056220844717000,6.56432356187,5.72639906102,5.54917844409,0.892077170836,0.451661264875,-0.00483920770833,-0.013304328373,0.34800113608,0.594980678318,-0.0352435327255,0.0,0.0,0.0
1609056220944809000,1975,1609056220944809000,6.59979054999,5.78577888429,5.54550621175,0.891695724607,0.452353603131,-0.00601354431061,-0.0147915427725,0.348944663593,0.598664689867,-0.0352472453143,0.0,0.0,0.0
1609056221044802000,1976,1609056221044802000,6.63513990739,5.84661909055,5.54209571674,0.891357376894,0.452947527752,-0.00598418083526,-0.0168746359834,0.354313920543,0.600953340456,-0.026003146207,0.0,0.0,0.0
1609056221144773000,1977,1609056221144773000,6.67013661526,5.90684300198,5.53803860842,0.890825986086,0.453934039228,-0.00548055322527,-0.0185179394332,0.357400192063,0.602489696204,-0.0344536170361,0.0,0.0,0.0
1609056221244885000,1978,1609056221244885000,6.70479741321,5.9670716659,5.53257117081,0.89047483942,0.454593619994,-0.00303505033707,-0.0197481515363,0.369205951591,0.594380013889,-0.0341217673009,0.0,0.0,0.0
1609056221344919000,1979,1609056221344919000,6.73283771115,6.02529748454,5.52575788843,0.890186142535,0.455143145184,-0.0017663164107,-0.0202541145514,0.365124535487,0.583996275155,-0.0419740398046,0.0,0.0,0.0
1609056221444823000,1980,1609056221444823000,6.76740207313,6.08134890469,5.52129311846,0.890065258488,0.455311111139,0.00049492539816,-0.0218032739683,0.365676997835,0.569442071419,-0.0287644731764,0.0,0.0,0.0
1609056221545089000,1981,1609056221545089000,6.80331514192,6.1387182939,5.51836496038,0.8900435769,0.455322635412,0.0012112792103,-0.02241119591,0.365095855106,0.550373866788,-0.0163562639996,0.0,0.0,0.0
1609056221644999000,1982,1609056221644999000,6.83942322823,6.19366721306,5.51927701332,0.890088853447,0.455203876017,0.00257047498531,-0.0229053898988,0.364650992268,0.529638116304,-0.00116515665273,0.0,0.0,0.0
1609056221745039000,1983,1609056221745039000,6.86531938842,6.24740473929,5.52112200931,0.890093037139,0.455180919957,0.00356526029703,-0.0230652175802,0.350008621165,0.510010328712,0.00264494419771,0.0,0.0,0.0
1609056221845131000,1984,1609056221845131000,6.89970283507,6.29529961462,5.52165750481,0.890103304482,0.455216231464,0.00474288778601,-0.0217208419924,0.34401398673,0.486540345264,0.00878618459414,0.0,0.0,0.0
1609056221945019000,1985,1609056221945019000,6.93305198298,6.34273106968,5.52280161311,0.890063183734,0.455395133273,0.00480269165492,-0.0194868085156,0.329672909296,0.473866501786,-0.00831288469603,0.0,0.0,0.0
1609056222044976000,1986,1609056222044976000,6.96479069512,6.38978435006,5.52245966293,0.890018108526,0.45546433931,0.00520596361053,-0.0198217066437,0.310486214275,0.46308159642,-0.0377846776212,0.0,0.0,0.0
1609056222145245000,1987,1609056222145245000,6.99623076456,6.43560781776,5.52090184893,0.889924355213,0.45570107281,0.00195390774415,-0.0191665459375,0.296062235278,0.455330568,-0.0417745276905,0.0,0.0,0.0
1609056222245141000,1988,1609056222245141000,7.02571682558,6.48086864444,5.51703534616,0.889861407237,0.455714148881,0.00102730000367,-0.0216849043086,0.294648118357,0.448058423795,-0.0302511049496,0.0,0.0,0.0
1609056222345142000,1989,1609056222345142000,7.05491319951,6.52714411139,5.51362846135,0.889904735629,0.455591815123,-0.000887523362739,-0.0224693524659,0.291236886643,0.434773526837,-0.0492357898301,0.0,0.0,0.0
1609056222445251000,1990,1609056222445251000,7.08477089774,6.57165707051,5.50968931463,0.889978366107,0.455433505042,-0.00265350726837,-0.0226227594713,0.298396066405,0.42370061287,-0.032243317063,0.0,0.0,0.0
1609056222545273000,1991,1609056222545273000,7.11613931445,6.61565631089,5.50346601617,0.890089195779,0.455232660299,-0.00357375498294,-0.0221737870184,0.302466525266,0.415430838736,-0.0315575910418,0.0,0.0,0.0
1609056222645278000,1992,1609056222645278000,7.14456190344,6.66264299223,5.49875815372,0.890186835869,0.454988425181,-0.0045215627116,-0.023075650959,0.307064211157,0.410827475993,-0.026729219287,0.0,0.0,0.0
1609056222745310000,1993,1609056222745310000,7.17604104874,6.70354521288,5.49511081239,0.890263717069,0.454931195172,-0.00386778256296,-0.0212876017443,0.308392967249,0.405896422663,-0.0406934641821,0.0,0.0,0.0
1609056222845305000,1994,1609056222845305000,7.20778986581,6.74483538531,5.49102670904,0.890269255851,0.45497645059,-0.004688187036,-0.0198771828121,0.308803239951,0.404699587621,-0.0563765038204,0.0,0.0,0.0
1609056222945305000,1995,1609056222945305000,7.24092638478,6.78694581286,5.48568945965,0.890251738215,0.454898688232,-0.0067776142898,-0.0217506320668,0.314630411013,0.406769387122,-0.0678652361957,0.0,0.0,0.0
1609056223045386000,1996,1609056223045386000,7.27435914179,6.82960649552,5.48006772723,0.890252782634,0.454782191297,-0.00885846675587,-0.0233381460005,0.325964598812,0.407944066839,-0.0676465892948,0.0,0.0,0.0
1609056223145407000,1997,1609056223145407000,7.30921728195,6.87159292181,5.47207019704,0.890171054501,0.454781118765,-0.0100292746386,-0.0258658344735,0.340909725172,0.404167747358,-0.0839711356679,0.0,0.0,0.0
1609056223245411000,1998,1609056223245411000,7.34509764316,6.91181351889,5.45929504482,0.890140630605,0.454805436564,-0.00769687409425,-0.0272475824131,0.361193431036,0.399951515776,-0.0641727110404,0.0,0.0,0.0
1609056223345494000,1999,1609056223345494000,7.38497017252,6.95353037949,5.44958829307,0.890145630924,0.454593547712,-0.0028364439625,-0.0312636643992,0.378810653001,0.390890498918,-0.0488687028777,0.0,0.0,0.0
1609056223445496000,2000,1609056223445496000,7.42345611456,6.99375684654,5.43976804327,0.890120604209,0.454198668173,0.00540243943066,-0.0368740212249,0.390658729984,0.357040463044,-0.0397116758787,0.0,0.0,0.0
1609056223545533000,2001,1609056223545533000,7.4605457082,7.0232314612,5.44129812187,0.889931734076,0.454085107347,0.0111011110669,-0.0412915161144,0.385897551164,0.306916052516,-0.0297408295149,0.0,0.0,0.0
1609056223645568000,2002,1609056223645568000,7.4981189653,7.05283392337,5.44440899037,0.889845865138,0.453817422623,0.0150682637884,-0.0446881488429,0.371260125245,0.243225842492,-0.00745581651012,0.0,0.0,0.0
1609056223745604000,2003,1609056223745604000,7.54422909981,7.08345036257,5.44551226682,0.889798608507,0.453820410093,0.0185511847559,-0.0442868516095,0.361846399816,0.177880645911,-0.00173199918181,0.0,0.0,0.0
1609056223845640000,2004,1609056223845640000,7.57673841833,7.09917538666,5.44785889139,0.889806264171,0.453813028942,0.0195394050904,-0.0437808023424,0.340265914217,0.111220854575,-0.00104401957046,0.0,0.0,0.0
1609056223945697000,2005,1609056223945697000,7.61024953062,7.11212871854,5.45205215629,0.889824936022,0.453925472203,0.0170278278029,-0.0432816589334,0.319666409924,0.0498554082729,-1.72150139749e-05,0.0,0.0,0.0
1609056224045657000,2006,1609056224045657000,7.64694565753,7.12478345516,5.46018988861,0.889716196675,0.454356619177,0.0136899175749,-0.0421632320929,0.309444791471,-0.00353325567621,0.00262975547691,0.0,0.0,0.0
1609056224145690000,2007,1609056224145690000,7.68008458337,7.12843366815,5.46080549915,0.88991487408,0.454733062914,0.00870446354726,-0.0345483820026,0.30651905308,-0.0481211449752,0.0189607937492,0.0,0.0,0.0
1609056224245786000,2008,1609056224245786000,7.71457383366,7.13292249218,5.46342082376,0.890102735952,0.454698997824,0.00460719092971,-0.030736210254,0.30336991506,-0.0685317574781,0.0255287906784,0.0,0.0,0.0
1609056224345777000,2009,1609056224345777000,7.76896595332,7.15551263874,5.46872861691,0.890138530882,0.454778057571,0.00192745877859,-0.0287506364026,0.314595919961,-0.0797980419578,0.0442915097921,0.0,0.0,0.0
1609056224445823000,2010,1609056224445823000,7.80001424983,7.14744772609,5.47161187973,0.890184525125,0.454954857158,0.00249784760344,-0.0241111993513,0.318423781786,-0.0954412460721,0.0452275934083,0.0,0.0,0.0
1609056224545859000,2011,1609056224545859000,7.8327661473,7.14229898448,5.47646291752,0.890328587002,0.454955326429,0.0055780688136,-0.0173073183626,0.313504080235,-0.101076724148,0.0446406898936,0.0,0.0,0.0
1609056224645927000,2012,1609056224645927000,7.90186904105,7.17621920224,5.47575451377,0.890302710101,0.455174434397,0.0091006282572,-0.00972096825271,0.300871553477,-0.0785099081075,0.0443017466564,0.0,0.0,0.0
1609056224745905000,2013,1609056224745905000,7.93127004178,7.16839683196,5.47921400713,0.890281645506,0.455226052034,0.011523365523,-0.00591990472758,0.266405614072,-0.061162810843,0.0505970513887,0.0,0.0,0.0
1609056224845941000,2014,1609056224845941000,7.97783453923,7.18973256649,5.47862922189,0.890286484963,0.455203199411,0.012316329925,-0.00532258922934,0.2381174364,-0.0381191703761,0.0405500101439,0.0,0.0,0.0
1609056224945946000,2015,1609056224945946000,7.99704825181,7.18549900199,5.48430685487,0.890352609331,0.45508293565,0.0116188832024,-0.0060625317207,0.200868188787,-0.0261181249089,0.0380246586276,0.0,0.0,0.0
1609056225045968000,2016,1609056225045968000,8.01838245809,7.18730076844,5.4874617472,0.890301722217,0.455136900588,0.0130588455121,-0.00653541853553,0.168647674946,-0.0118221515398,0.0564700209413,0.0,0.0,0.0
1609056225145895000,2017,1609056225145895000,8.03831322186,7.19110302798,5.49176055555,0.890349839461,0.455019330386,0.0137393090871,-0.0067678455558,0.13719971952,-0.0028824677906,0.0554764890746,0.0,0.0,0.0
1609056225246073000,2018,1609056225246073000,8.05433613797,7.19618551964,5.49760760316,0.890324931207,0.455058000286,0.0133703597567,-0.0080601939839,0.102136808202,0.00740026148094,0.0584159279343,0.0,0.0,0.0
1609056225346062000,2019,1609056225346062000,8.06809603701,7.20329626207,5.50261105438,0.890502002303,0.454707260813,0.0110932943539,-0.0111548052022,0.0735814869696,0.0120843535223,0.0372715408756,0.0,0.0,0.0
1609056225446130000,2020,1609056225446130000,8.08047468128,7.21183457283,5.50818644539,0.890628141606,0.454428866963,0.0089298146412,-0.01400630789,0.0539616807611,0.0139110129017,0.0247510734769,0.0,0.0,0.0
1609056225546129000,2021,1609056225546129000,8.09306747566,7.22002787625,5.5080934624,0.890764194534,0.454051045645,0.00746089797979,-0.0179201753904,0.0452619209883,0.0140903891698,0.0356149105447,0.0,0.0,0.0
1609056225646111000,2022,1609056225646111000,8.10709186313,7.22894176079,5.50721711826,0.890858253447,0.453755382386,0.00758554721407,-0.020495967762,0.0465546580957,-0.00231261791785,0.0109686064584,0.0,0.0,0.0
1609056225746215000,2023,1609056225746215000,8.11655160948,7.23204507565,5.51038208624,0.890892628466,0.453728299194,0.00740660827579,-0.0196493564675,0.0492696032433,-0.0213668158026,-0.00983583367774,0.0,0.0,0.0
1609056225846246000,2024,1609056225846246000,8.12691222033,7.23290524951,5.5107852614,0.890898733958,0.453815815409,0.00739551219048,-0.0172034274375,0.0478677921427,-0.0323972032848,-0.0235961884813,0.0,0.0,0.0
1609056225946258000,2025,1609056225946258000,8.13724957272,7.23473827453,5.50720810607,0.890844730827,0.453968592674,0.00784222200942,-0.0157061126997,0.0501293387894,-0.0448250275765,-0.0309255935432,0.0,0.0,0.0
1609056226046333000,2026,1609056226046333000,8.14329107733,7.23230388267,5.50440353937,0.890892262112,0.453983296773,0.0107456248445,-0.00973011343484,0.048650845715,-0.0528691927589,-0.03352485813,0.0,0.0,0.0
1609056226146278000,2027,1609056226146278000,8.15115876039,7.22843717172,5.50237000835,0.890888567601,0.453964428974,0.0151911530232,-0.00175676226111,0.0287500427381,-0.051863449751,-0.042733160827,0.0,0.0,0.0
1609056226246299000,2028,1609056226246299000,8.15545554181,7.22457997302,5.49912634614,0.890763426925,0.453991802969,0.0193594268563,0.00756126189226,-0.0031766951055,-0.0397910564785,-0.0895441644363,0.0,0.0,0.0
1609056226346365000,2029,1609056226346365000,8.21159222827,7.26583249707,5.47019475141,0.890514140809,0.454099657887,0.0234260452758,0.0151421969873,-0.0405529086555,-0.00479260139081,-0.11284874343,0.0,0.0,0.0
1609056226446374000,2030,1609056226446374000,8.20469593589,7.26749745273,5.45884166334,0.890375810245,0.454249582095,0.0246002442623,0.016824436941,-0.108537506539,0.0331362718721,-0.111526834824,0.0,0.0,0.0
1609056226546377000,2031,1609056226546377000,8.21966246661,7.29010223143,5.43670529919,0.890357878496,0.454477802566,0.0227860764302,0.0139129398387,-0.155823354933,0.0667424834369,-0.10435035243,0.0,0.0,0.0
1609056226646476000,2032,1609056226646476000,8.20266870758,7.29616879457,5.43131201961,0.890446943615,0.454550274645,0.0201162398207,0.00914468825503,-0.212089278589,0.0941144767442,-0.0836576264122,0.0,0.0,0.0
1609056226746505000,2033,1609056226746505000,8.18320651342,7.30573391149,5.42718293131,0.890532722,0.454657318812,0.0152636799658,0.0022833246207,-0.248929048837,0.108834500206,-0.0781063419311,0.0,0.0,0.0
1609056226846523000,2034,1609056226846523000,8.16073205798,7.31786644505,5.42359352052,0.890703864008,0.454444881483,0.00912064623723,-0.00657952478691,-0.262601979856,0.116398280932,-0.0679886876847,0.0,0.0,0.0
1609056226946574000,2035,1609056226946574000,8.1370304211,7.32999721614,5.41778412911,0.890787507966,0.454139410017,0.00232357342696,-0.0157991432291,-0.260080559003,0.116506408957,-0.0655372280915,0.0,0.0,0.0
1609056227046604000,2036,1609056227046604000,8.13651743599,7.34823549968,5.40003342501,0.890666819062,0.453674233125,-0.0076571577345,-0.028873440326,-0.229590941177,0.10134393486,-0.102284502345,0.0,0.0,0.0
1609056227146546000,2037,1609056227146546000,8.11293356846,7.35623345699,5.39140485989,0.890419031848,0.453362342399,-0.0128470836905,-0.0380983813165,-0.169965204154,0.0697395581188,-0.0811683603621,0.0,0.0,0.0
1609056227246674000,2038,1609056227246674000,8.11510339848,7.36781305233,5.37094961858,0.890163626872,0.453565665046,-0.0150911986671,-0.0407327952292,-0.0958377677696,0.0305396685275,-0.0704644802134,0.0,0.0,0.0
1609056227346685000,2039,1609056227346685000,8.09999486052,7.36739991593,5.36435926241,0.890304605734,0.454131520665,-0.00932527176184,-0.032176237413,-0.0247702137704,-0.0106043727443,-0.0615501054036,0.0,0.0,0.0
1609056227446728000,2040,1609056227446728000,8.10346700132,7.37071934459,5.34725822392,0.890337997267,0.454934681795,-0.000610111108074,-0.0182294730351,0.0125416115641,-0.0242420301768,-0.0678558542834,0.0,0.0,0.0
1609056227546749000,2041,1609056227546749000,8.10825967216,7.36758825114,5.34001169082,0.890148900015,0.455592391112,0.00575066731391,-0.00611872447625,0.012313043369,-0.015148996807,-0.0601878196683,0.0,0.0,0.0
1609056227646773000,2042,1609056227646773000,8.11577609547,7.37037227163,5.32928178395,0.890065981035,0.455791593076,0.0049480138239,-0.00347710283263,0.0114675934802,0.00030515925787,-0.0685491751933,0.0,0.0,0.0
1609056227746773000,2043,1609056227746773000,8.11908987163,7.37277684078,5.32593475803,0.890042356073,0.455865188406,0.00328709743886,-0.000854041203371,0.0114453718448,0.0223396135464,-0.0476493181707,0.0,0.0,0.0
1609056227846905000,2044,1609056227846905000,8.12336607411,7.37511486118,5.3268647106,0.890100357094,0.455758196196,0.00188918233586,0.00150063058141,0.0113705090174,0.0412761531789,-0.035431324025,0.0,0.0,0.0
1609056227946826000,2045,1609056227946826000,8.12345453907,7.3816358364,5.3263549465,0.89017719557,0.455582918093,-0.00278488666545,0.00458362690893,0.0142322843455,0.0757634460247,-0.0222493997741,0.0,0.0,0.0
1609056228046945000,2046,1609056228046945000,8.12557564097,7.39023662642,5.32231459984,0.890207965193,0.455475778621,-0.00392193556019,0.00749748073137,0.0296096953846,0.118628924672,0.0106795378384,0.0,0.0,0.0
1609056228146930000,2047,1609056228146930000,8.13125739313,7.40111898186,5.32330138916,0.890139991345,0.455456176487,0.00340941491585,0.0141011700619,0.0349822406304,0.160221468438,0.0303895829645,0.0,0.0,0.0
1609056228246942000,2048,1609056228246942000,8.13177343176,7.41776823633,5.32239785381,0.890080881279,0.455287270811,0.0102313707149,0.0191009128523,0.00942400080468,0.204998187343,0.0163655098961,0.0,0.0,0.0
1609056228346990000,2049,1609056228346990000,8.13212789256,7.43882210577,5.32100026972,0.889960629777,0.455103134309,0.0161355980132,0.0243075516175,-0.0275551657166,0.25692390552,0.00193613928802,0.0,0.0,0.0
1609056228447112000,2050,1609056228447112000,8.12748573629,7.46460325158,5.31491677211,0.889825912278,0.455110964175,0.021385899788,0.0250299703525,-0.0927081955728,0.314258643801,-0.0175074522615,0.0,0.0,0.0
1609056228547067000,2051,1609056228547067000,8.11649410309,7.49897931701,5.3139541748,0.890247943343,0.454966702463,0.0160793960539,0.0143301097701,-0.142615119646,0.354089547162,-0.0316119604217,0.0,0.0,0.0
1609056228647046000,2052,1609056228647046000,8.09822454569,7.53300062259,5.30691004593,0.890549038548,0.454799557382,0.00853794336057,0.00262222603869,-0.170370001111,0.374337358016,-0.0626540978801,0.0,0.0,0.0
1609056228747207000,2053,1609056228747207000,8.07909961299,7.57252720075,5.30116561368,0.890643524869,0.454654983372,0.00257021768524,-0.00602923580041,-0.161873964643,0.388753014204,-0.0489980383024,0.0,0.0,0.0
1609056228847212000,2054,1609056228847212000,8.06154590457,7.60547485816,5.29593519544,0.890624870527,0.454474589599,0.00342204930605,-0.015115455221,-0.148089820595,0.385122729092,-0.0241715954167,0.0,0.0,0.0
1609056228947157000,2055,1609056228947157000,8.04776372059,7.64324378111,5.29011753815,0.890425875817,0.454144241902,0.00318290437139,-0.0297428368335,-0.128338542942,0.361108677286,-0.00645022555185,0.0,0.0,0.0
1609056229047245000,2056,1609056229047245000,8.03453916442,7.67417325042,5.28720521968,0.890176483274,0.453882915327,0.00349391552921,-0.0395464328973,-0.0916310917292,0.304501376732,-0.00638544255259,0.0,0.0,0.0
1609056229147210000,2057,1609056229147210000,8.028229781,7.70021235553,5.28841090951,0.889922126945,0.45383181604,0.00426156191403,-0.0453555929667,-0.048040926963,0.238180447951,-0.0121253657136,0.0,0.0,0.0
1609056229247161000,2058,1609056229247161000,8.01478205472,7.72134221729,5.29142282051,0.889855739012,0.45396398472,0.00534172515696,-0.0452209055341,-0.0195075261573,0.173881136186,-0.0212126210362,0.0,0.0,0.0
1609056229347278000,2059,1609056229347278000,8.01429995097,7.73513465538,5.29291642578,0.889916426351,0.454179287285,0.0070042088691,-0.0414833722274,0.0167354804942,0.110608170236,-0.00802748465905,0.0,0.0,0.0
1609056229447378000,2060,1609056229447378000,8.01891275205,7.74397102189,5.29276197405,0.890064463322,0.454469245064,0.00816626185809,-0.0342967722905,0.051059916493,0.0503018750697,0.0188911259583,0.0,0.0,0.0
1609056229547312000,2061,1609056229547312000,8.02478136168,7.747152151,5.29687223035,0.890181800858,0.454826260219,0.00974532394659,-0.0247883661692,0.0612759707256,0.0157380776836,0.0284582365592,0.0,0.0,0.0
1609056229647398000,2062,1609056229647398000,8.02870138641,7.74691182083,5.30295236348,0.890052195804,0.455301996195,0.0104816474782,-0.0199327888431,0.0585562082921,-0.00657425069178,0.0331099000292,0.0,0.0,0.0
1609056229747533000,2063,1609056229747533000,8.03367383108,7.74580661768,5.30768618009,0.889936125173,0.455636959765,0.0118613598945,-0.0163695494605,0.0584786518342,-0.0256337839559,0.0496995673876,0.0,0.0,0.0
1609056229847446000,2064,1609056229847446000,8.02933546102,7.74329801677,5.32251229132,0.889806733772,0.45592827016,0.0130993042181,-0.014205535238,0.0362072252044,-0.0371971900411,0.0516373490468,0.0,0.0,0.0
1609056229947462000,2065,1609056229947462000,8.03170053426,7.73815979797,5.33128622798,0.889792034119,0.456021184217,0.0130353628074,-0.0120372289354,0.031733278162,-0.0518693101641,0.0825548100654,0.0,0.0,0.0
1609056230047433000,2066,1609056230047433000,8.03468354439,7.73123628348,5.34496893466,0.889830918153,0.45600777144,0.0120693146432,-0.010591559338,0.0174901172465,-0.0622332067933,0.137121877329,0.0,0.0,0.0
1609056230147519000,2067,1609056230147519000,8.03650870537,7.72317606765,5.36392215046,0.889877698282,0.455949851278,0.011154990644,-0.010147975365,0.00835453366191,-0.068580059927,0.188332041647,0.0,0.0,0.0
1609056230247643000,2068,1609056230247643000,8.03852080593,7.71301351853,5.38439893772,0.889891011588,0.455929923358,0.0103140411535,-0.0107476991091,-0.000450611787373,-0.0755460322389,0.188979571568,0.0,0.0,0.0
1609056230347556000,2069,1609056230347556000,8.03955771172,7.70264461469,5.40306725294,0.889825419114,0.456029886537,0.00895584829343,-0.012932859872,-0.00169154363134,-0.0863192768984,0.192224454072,0.0,0.0,0.0
1609056230447557000,2070,1609056230447557000,8.0395684344,7.69295736345,5.42148674737,0.889788712669,0.456149995361,0.00927585760012,-0.0108252946199,-0.00646380001111,-0.0997828487775,0.187951464451,0.0,0.0,0.0
1609056230547530000,2071,1609056230547530000,8.04000658976,7.68442624905,5.43804760869,0.889793175642,0.456175222271,0.0118972185801,-0.00554322616926,-0.00892131206223,-0.110173671285,0.142452520122,0.0,0.0,0.0
1609056230647640000,2072,1609056230647640000,8.04126099636,7.67403916354,5.45124406308,0.889695838829,0.456182268322,0.0162671202765,0.008627469854,-0.0424840061121,-0.101577156583,0.0918765488907,0.0,0.0,0.0
1609056230747713000,2073,1609056230747713000,8.0414191056,7.65745102577,5.468018923,0.889785043124,0.456027477082,0.0101564910102,0.0147771062617,-0.0823581405647,-0.075136433442,0.0720981748044,0.0,0.0,0.0
1609056230847815000,2074,1609056230847815000,8.03259791929,7.65418995095,5.4672514441,0.88990759241,0.455798032861,0.00253952093538,0.0174980297104,-0.101904831036,-0.0318531253438,0.0471363232807,0.0,0.0,0.0
1609056230947862000,2075,1609056230947862000,8.02398367408,7.65385785611,5.46651843897,0.889883362429,0.455860417367,-0.00258417069049,0.0170939525231,-0.120655367789,0.027431727261,0.051148663963,0.0,0.0,0.0
1609056231047856000,2076,1609056231047856000,8.01765317713,7.65650011013,5.47008966029,0.889872692581,0.456012023996,-0.00778268939231,0.0109112197484,-0.114807787471,0.0743941846248,0.0751336203792,0.0,0.0,0.0
1609056231147948000,2077,1609056231147948000,8.00758632152,7.67117535504,5.47666597859,0.889831532512,0.45612449659,-0.00964847190011,0.00756269450341,-0.100098077755,0.118681121013,0.0955134266744,0.0,0.0,0.0
1609056231247913000,2078,1609056231247913000,7.99968513083,7.68360952317,5.48359457374,0.889842569466,0.456154660676,-0.00953023097134,0.00350739339722,-0.0810163857361,0.158619590211,0.139015414315,0.0,0.0,0.0
1609056231347797000,2079,1609056231347797000,7.99430780005,7.69667115138,5.49575303401,0.88985076682,0.456224935877,-0.00493476074661,0.000262317934595,-0.0680491001191,0.18322000136,0.152837149598,0.0,0.0,0.0
1609056231448038000,2080,1609056231448038000,7.98730771472,7.71290616947,5.51514928583,0.889744518542,0.456452689489,-0.0004112752907,-0.0023376988971,-0.0670227753151,0.198750301829,0.174347750575,0.0,0.0,0.0
1609056231548107000,2081,1609056231548107000,7.98257643052,7.73011601866,5.53775590567,0.889635951727,0.456627647512,0.00173309008033,-0.00600510782252,-0.0640641312914,0.204458535987,0.239982171881,0.0,0.0,0.0
1609056231647956000,2082,1609056231647956000,7.98270943272,7.74412586708,5.55400888104,0.889493515464,0.456853189506,0.00380822598569,-0.00848213422286,-0.0479748352958,0.198978592739,0.304892983871,0.0,0.0,0.0
1609056231748065000,2083,1609056231748065000,7.97711728149,7.7664735416,5.58601635098,0.889479306041,0.456823908427,0.00631293615956,-0.00993114553678,-0.0536959582041,0.197867560066,0.349193144946,0.0,0.0,0.0
1609056231848140000,2084,1609056231848140000,7.9717595659,7.78450517902,5.62388785655,0.889545436421,0.456643711886,0.00735723934896,-0.0114589688739,-0.0567667018239,0.188436102859,0.365266284094,0.0,0.0,0.0
1609056231948019000,2085,1609056231948019000,7.97094025862,7.80187052879,5.66244799317,0.889441846477,0.456807169541,0.00795042093714,-0.0125380380673,-0.054144764686,0.182233788724,0.374998853273,0.0,0.0,0.0
1609056232048083000,2086,1609056232048083000,7.96480096579,7.82042740252,5.69968604211,0.889506292616,0.456679605517,0.00684929258583,-0.0132431300075,-0.0573751465641,0.175035896717,0.377067567824,0.0,0.0,0.0
1609056232148140000,2087,1609056232148140000,7.95960976733,7.83798999847,5.73889512807,0.889565605013,0.456537968678,0.00648322355639,-0.0142858442303,-0.0516925998626,0.165688226094,0.402714349079,0.0,0.0,0.0
1609056232248137000,2088,1609056232248137000,7.95425067893,7.85553437959,5.77916761852,0.889671426581,0.456287833102,0.00719154765268,-0.0153116860539,-0.0464907783887,0.151833663579,0.409412409578,0.0,0.0,0.0
1609056232348130000,2089,1609056232348130000,7.94914006326,7.869436028,5.82288295212,0.889831338475,0.455905691429,0.00918797162332,-0.0163024773764,-0.0438038044565,0.139090435506,0.443914296642,0.0,0.0,0.0
1609056232448119000,2090,1609056232448119000,7.94535229317,7.88003946391,5.868117838,0.889999715622,0.455550371643,0.0105211192838,-0.0162379535886,-0.0462207286591,0.12106651524,0.447387249495,0.0,0.0,0.0
1609056232548186000,2091,1609056232548186000,7.95005863988,7.87152082734,5.91252061131,0.890155115584,0.455249241358,0.0108648843144,-0.0159358944591,-0.0406685939641,0.0901391521771,0.455714191219,0.0,0.0,0.0
1609056232648264000,2092,1609056232648264000,7.94673431165,7.8783531797,5.95741404691,0.890340562678,0.454946484676,0.00994106436544,-0.0147835641769,-0.0438117525332,0.0736349568977,0.461159835205,0.0,0.0,0.0
1609056232748230000,2093,1609056232748230000,7.94305827347,7.88287395657,6.0033533308,0.89038608907,0.454953058202,0.00788259166195,-0.0129688847891,-0.0439268580143,0.0599584498798,0.470725539573,0.0,0.0,0.0
1609056232848320000,2094,1609056232848320000,7.94031275228,7.88212094441,6.05124705975,0.890319626964,0.455139316065,0.00590919668654,-0.0120102543286,-0.0465975003221,0.0524647473553,0.477123006984,0.0,0.0,0.0
1609056232948444000,2095,1609056232948444000,7.93717115809,7.88306115209,6.0989208503,0.890292544442,0.455221443632,0.00378567001996,-0.0117597308912,-0.0420946261291,0.0460996300965,0.461536619681,0.0,0.0,0.0
1609056233048377000,2096,1609056233048377000,7.93331598976,7.88482372226,6.14304857276,0.89035113246,0.455138532143,0.00186122655234,-0.0109687429077,-0.0287232690177,0.0403190572655,0.434093672929,0.0,0.0,0.0
1609056233148458000,2097,1609056233148458000,7.92942499414,7.88789909662,6.18469189513,0.890364162203,0.455150609672,0.000846393597788,-0.00942681267876,-0.0217387437138,0.0421556599729,0.405970100931,0.0,0.0,0.0
1609056233248435000,2098,1609056233248435000,7.92552462308,7.89308787789,6.22386903025,0.890440171921,0.455011713568,-0.000341214477638,-0.00897353429362,-0.00913890358175,0.0444948186205,0.394501042756,0.0,0.0,0.0
1609056233348386000,2099,1609056233348386000,7.92386351272,7.89844704702,6.26348608738,0.890510893842,0.454891019179,0.000281919034281,-0.00802677648078,0.000231130647436,0.0540435421814,0.409762073462,0.0,0.0,0.0
1609056233448404000,2100,1609056233448404000,7.92582403794,7.90436694711,6.30643683424,0.890597286502,0.454710594534,0.00223813620619,-0.00835100239553,0.0107691458468,0.0620139362149,0.432766670678,0.0,0.0,0.0
1609056233548504000,2101,1609056233548504000,7.9250237458,7.91412389374,6.35125089243,0.8907078018,0.454477961395,0.00458979124907,-0.00826608947511,0.0142558917867,0.0673370659458,0.474900757459,0.0,0.0,0.0
1609056233648518000,2102,1609056233648518000,7.92760215956,7.92055112805,6.39889116338,0.890832901328,0.454240653646,0.00416041764192,-0.00805365829783,0.0173427946664,0.0755730846564,0.493958879332,0.0,0.0,0.0
1609056233748537000,2103,1609056233748537000,7.93459823262,7.92442613569,6.45008823172,0.890962976034,0.453969838331,0.00367408123247,-0.00910287588047,0.0249664047079,0.0775881823845,0.509346990874,0.0,0.0,0.0
1609056233848524000,2104,1609056233848524000,7.94097288427,7.9331436006,6.50208015824,0.891081031155,0.453663789048,0.00536827517185,-0.0116165418256,0.0319089937126,0.0839706221697,0.524254475506,0.0,0.0,0.0
1609056233948549000,2105,1609056233948549000,7.94231734231,7.94319296276,6.55286088134,0.891215521057,0.453341531729,0.00621466684992,-0.0133314872438,0.0419556533922,0.076673648874,0.529084734282,0.0,0.0,0.0
1609056234048625000,2106,1609056234048625000,7.94469461276,7.94986124314,6.60541262478,0.891297515609,0.453152876993,0.00781915322846,-0.0134190009211,0.046349556709,0.0684390966331,0.530140085244,0.0,0.0,0.0
1609056234148674000,2107,1609056234148674000,7.94936400049,7.93712699453,6.64981593731,0.891288471264,0.453184973274,0.0102072725803,-0.0111378892393,0.0406452888669,0.0574064823286,0.53571824238,0.0,0.0,0.0
1609056234248649000,2108,1609056234248649000,7.95411702075,7.94040453767,6.70395046853,0.891252707815,0.45316168151,0.0115249638778,-0.0134267058845,0.0297476877468,0.0564318288488,0.59086448882,0.0,0.0,0.0
1609056234348614000,2109,1609056234348614000,7.95802423816,7.94313297541,6.76123384038,0.891195494612,0.453144788312,0.0132739080489,-0.0159434806143,0.0340993418672,0.0319549341156,0.565461547502,0.0,0.0,0.0
1609056234448750000,2110,1609056234448750000,7.95935663684,7.94600691673,6.81888807648,0.89121321847,0.453061365219,0.0142075845001,-0.016508879804,0.0258108928777,0.0135604292782,0.574062131314,0.0,0.0,0.0
1609056234548769000,2111,1609056234548769000,7.96618555786,7.92996131191,6.87226936314,0.891114976849,0.453252882998,0.0138339604768,-0.0168684210193,0.0186342378689,-0.0120964458829,0.575635897333,0.0,0.0,0.0
1609056234648737000,2112,1609056234648737000,7.96562185473,7.92751173577,6.92898406722,0.891185981413,0.453213555462,0.0130555426279,-0.0146482928899,0.013226192676,-0.0310042298562,0.538960737884,0.0,0.0,0.0
1609056234748930000,2113,1609056234748930000,7.96862269381,7.92328258327,6.97838489963,0.891247427845,0.453212254177,0.0106992241811,-0.0127358401987,0.00553979525554,-0.0397755934514,0.446892192396,0.0,0.0,0.0
1609056234848848000,2114,1609056234848848000,7.97040526377,7.9199325941,7.01955007888,0.89133281779,0.453113247827,0.00848829298648,-0.0119223091442,0.00387858969208,-0.0439326350631,0.371986832995,0.0,0.0,0.0
1609056234948896000,2115,1609056234948896000,7.96871442875,7.91907910717,7.05564840498,0.891401209838,0.45302969332,0.00694875902393,-0.0109405126688,0.00435126813328,-0.0473341682242,0.31389047405,0.0,0.0,0.0
1609056235048963000,2116,1609056235048963000,7.96617379968,7.91491639841,7.08507272657,0.891449122424,0.453003809007,0.00471026011125,-0.00915557775411,0.00293525813147,-0.0453625268352,0.262899012765,0.0,0.0,0.0
1609056235148985000,2117,1609056235148985000,7.96550299269,7.90838221896,7.10935756451,0.891436388071,0.452957731157,0.00393202374484,-0.0124498593342,0.00364470532443,-0.0336899382743,0.276910108626,0.0,0.0,0.0
1609056235248946000,2118,1609056235248946000,7.96695617794,7.90262351108,7.13493903482,0.891409918432,0.452987242034,0.00373888207215,-0.0133017531518,0.0122239251484,-0.0385991304607,0.241404379722,0.0,0.0,0.0
1609056235348992000,2119,1609056235348992000,7.9641447451,7.89962252529,7.15794175208,0.891523662599,0.452749605506,0.00282719325668,-0.0139771498274,0.0263667899611,-0.0436791116729,0.201251471939,0.0,0.0,0.0
1609056235449066000,2120,1609056235449066000,7.96006706987,7.90923533032,7.1806987401,0.892854729735,0.450138261492,0.00185592311906,-0.0135104655888,0.0475917727273,-0.0523439365776,0.11372481106,0.0,0.0,0.0
1609056235549081000,2121,1609056235549081000,7.95625964548,7.91918834643,7.19553479662,0.895382986284,0.445090360046,0.00114856541282,-0.0135114790372,0.0588350496815,-0.0446389598417,0.0789336418371,0.0,0.0,0.0
1609056235649120000,2122,1609056235649120000,7.95650047158,7.921393278,7.20044767691,0.898126515294,0.439536347243,0.000897370445242,-0.0132573264314,0.0753816618673,-0.0446158725875,0.0671556513046,0.0,0.0,0.0
1609056235749132000,2123,1609056235749132000,7.97151558081,7.9107005163,7.21529401337,0.90127936983,0.433082285907,0.00123528670465,-0.011563097337,0.0964177353279,-0.0452960378507,0.10767896542,0.0,0.0,0.0
1609056235849587000,2124,1609056235849587000,7.97840329642,7.91251606292,7.22444707643,0.905200112163,0.424857925875,0.00278184266745,-0.0100379835037,0.110765005983,-0.0402462685291,0.147847880714,0.0,0.0,0.0
1609056235949229000,2125,1609056235949229000,8.00106894507,7.88986664764,7.21529770211,0.909074966487,0.416481584566,0.00396491692943,-0.0104916375782,0.123489808254,-0.0453822692883,0.156151452434,0.0,0.0,0.0
1609056236049222000,2126,1609056236049222000,8.0125915324,7.88321919039,7.23754554095,0.911229253506,0.411753506927,0.00516944726843,-0.00967336052255,0.0891922945042,-0.0144857583122,0.156228436922,0.0,0.0,0.0
1609056236149780000,2127,1609056236149780000,8.03140450458,7.87006272578,7.2426126453,0.911681369227,0.410759127319,0.00442981100309,-0.00971581712292,0.0749163699139,0.00243803804188,0.130298222612,0.0,0.0,0.0
1609056236249376000,2128,1609056236249376000,8.04226816976,7.87156007741,7.25387746843,0.908969668305,0.416722853115,0.00383356241918,-0.0100751969051,0.0616058765099,0.0259414487029,0.12894447254,0.0,0.0,0.0
1609056236349364000,2129,1609056236349364000,8.06171745968,7.85939517355,7.25467774386,0.903351607467,0.42876318793,0.00245531276353,-0.0105817485197,0.0206021832174,0.0592744712565,0.113914327549,0.0,0.0,0.0
1609056236449323000,2130,1609056236449323000,8.05921042471,7.86901394058,7.27110681491,0.89368327091,0.448575032748,0.00115631625997,-0.0104553443073,-0.0113388890807,0.0858856782062,0.122499232442,0.0,0.0,0.0
1609056236549386000,2131,1609056236549386000,8.09071528206,7.84370600182,7.25770375599,0.882645461211,0.469883639339,-0.000552424327744,-0.0120851194639,0.103924839579,0.00830630458065,0.174278468392,0.0,0.0,0.0
1609056236649342000,2132,1609056236649342000,8.10418431438,7.82482689325,7.27222788974,0.880133493443,0.474603941022,-0.000303234856905,-0.0107722297642,0.181866632468,-0.0426361222842,0.190460763092,0.0,0.0,0.0
1609056236749768000,2133,1609056236749768000,8.11344418585,7.81473897212,7.28992140692,0.879905678459,0.47507159585,0.00144788105572,-0.0084189947366,0.189389598505,-0.0411026116926,0.181962417708,0.0,0.0,0.0
1609056236849705000,2134,1609056236849705000,8.13327476717,7.8119663551,7.30849003908,0.880290739632,0.474363411075,0.00294511474668,-0.00767425904135,0.191767269062,-0.0310548701315,0.177152981726,0.0,0.0,0.0
1609056236949724000,2135,1609056236949724000,8.14965763516,7.8052899175,7.32237484532,0.88071081618,0.473438800066,0.00288822052826,-0.0139935356011,0.187115158914,-0.0247892523365,0.174714668833,0.0,0.0,0.0
1609056237049519000,2136,1609056237049519000,8.17181484649,7.80280347729,7.34376562027,0.880894636548,0.473048435783,0.0044534692231,-0.0151652008326,0.198904374675,-0.0313928219723,0.146610510506,0.0,0.0,0.0
1609056237149595000,2137,1609056237149595000,8.18878583612,7.80037086052,7.35768192232,0.880761038064,0.473241859967,0.00447889099783,-0.0167950986347,0.198093164358,-0.0359416097596,0.0667035300482,0.0,0.0,0.0
1609056237249537000,2138,1609056237249537000,8.20678880226,7.79723264242,7.3621172633,0.880581712708,0.473551349592,0.00450709690027,-0.0174543009358,0.205043113446,-0.0456105166374,-0.0139147106289,0.0,0.0,0.0
1609056237349586000,2139,1609056237349586000,8.22646720868,7.79223071662,7.35810844288,0.880398174592,0.473883549718,0.00505942071252,-0.0175453054627,0.211803788942,-0.0550440974579,-0.0580027230112,0.0,0.0,0.0
1609056237449944000,2140,1609056237449944000,8.24838362322,7.78643441015,7.35051747391,0.880265584688,0.474128220986,0.00591687399733,-0.0173182297226,0.217326382045,-0.0687428466332,-0.0912250952307,0.0,0.0,0.0
1609056237550250000,2141,1609056237550250000,8.27173223108,7.77981582914,7.33951155307,0.880162476395,0.474326486246,0.00555512180945,-0.0172493539966,0.2263745788,-0.0799552890642,-0.132793621263,0.0,0.0,0.0
1609056237649743000,2142,1609056237649743000,8.28930619616,7.77302498501,7.33417876756,0.880134728902,0.474378025276,0.00472877987542,-0.0174924771695,0.227841362477,-0.0877968021201,-0.186422534374,0.0,0.0,0.0
1609056237750063000,2143,1609056237750063000,8.30751989228,7.7649814829,7.31656178781,0.8800498218,0.474624517368,0.00408056613911,-0.0150740719016,0.230278673012,-0.0936627432193,-0.254414418671,0.0,0.0,0.0
1609056237849918000,2144,1609056237849918000,8.33556992952,7.75304401339,7.27979775429,0.880062757715,0.474609581953,0.00455362816233,-0.0146475824885,0.238445436475,-0.0976971653577,-0.302437737748,0.0,0.0,0.0
1609056237949785000,2145,1609056237949785000,8.35998234533,7.74345190925,7.24569780356,0.88036309602,0.474056084953,0.00494586097292,-0.0143939551209,0.252281372865,-0.104613581009,-0.347703788929,0.0,0.0,0.0
1609056238049806000,2146,1609056238049806000,8.38176903746,7.73690960412,7.20943556356,0.881666777134,0.471632786788,0.00611226290215,-0.0137422256949,0.260295231891,-0.112679366818,-0.385134232259,0.0,0.0,0.0
1609056238149827000,2147,1609056238149827000,8.40644466924,7.73324995958,7.16033837091,0.88352333139,0.468153588893,0.00678342567413,-0.0131424971712,0.262880507437,-0.111642508905,-0.390506894376,0.0,0.0,0.0
1609056238250070000,2148,1609056238250070000,8.4360419432,7.72425984519,7.11779379955,0.885734541507,0.463918601944,0.0071031301222,-0.0142617773823,0.270666657156,-0.117310100536,-0.389769197792,0.0,0.0,0.0
1609056238349898000,2149,1609056238349898000,8.42213969377,7.7145338138,7.08383095334,0.888489954273,0.458591960939,0.00652060635591,-0.01537843327,0.244917393816,-0.124378476617,-0.367667079807,0.0,0.0,0.0
1609056238450360000,2150,1609056238450360000,8.44519833896,7.70271407388,7.04785610736,0.891469448349,0.452624031538,0.00346896043381,-0.0200418324786,0.237999039441,-0.129839814653,-0.332328839195,0.0,0.0,0.0
1609056238550101000,2151,1609056238550101000,8.43736866166,7.68513766361,7.02417270445,0.893014862589,0.44924465941,0.00129601196288,-0.0264955003619,0.206157869776,-0.125301523424,-0.241710890913,0.0,0.0,0.0
1609056238649977000,2152,1609056238649977000,8.458122863,7.66702130871,7.00182712472,0.892845433757,0.449118019806,-1.40905040625e-05,-0.033466931549,0.232880700295,-0.160574103371,-0.146259053499,0.0,0.0,0.0
1609056238750611000,2153,1609056238750611000,8.47247475108,7.63928263503,6.9961099992,0.892615024528,0.449346647077,-0.000225999317051,-0.0364137017132,0.255236568603,-0.207456909236,-0.103124814825,0.0,0.0,0.0
1609056238850575000,2154,1609056238850575000,8.50708571373,7.6122886878,6.99148275271,0.892468233577,0.449558216987,-0.00225882702594,-0.0373196904646,0.291822187335,-0.251605703071,-0.0821103835939,0.0,0.0,0.0
1609056238950082000,2155,1609056238950082000,8.53694326678,7.58734856187,6.98368781656,0.892438323357,0.449924471164,-0.00465997912725,-0.033167662665,0.328302916581,-0.282364760229,-0.0463402755279,0.0,0.0,0.0
1609056239050042000,2156,1609056239050042000,8.56644399791,7.55840192861,6.97744159346,0.892391284309,0.450240042538,-0.00598065599574,-0.0297646020951,0.358956349318,-0.299995829202,-0.090981306733,0.0,0.0,0.0
1609056239150072000,2157,1609056239150072000,8.59886347118,7.52667065198,6.96577206006,0.892348398014,0.45047249956,-0.00697915495199,-0.0272057916185,0.38552397093,-0.313007572296,-0.133693009118,0.0,0.0,0.0
1609056239250621000,2158,1609056239250621000,8.63309937472,7.50321173236,6.94503955151,0.892292384942,0.450786497137,-0.00476837415697,-0.024147388696,0.413919277191,-0.320496701796,-0.170455604623,0.0,0.0,0.0
1609056239350208000,2159,1609056239350208000,8.67379759737,7.47686869449,6.92057766181,0.892342099239,0.450967532957,-0.00232648464544,-0.0186668050935,0.434533476446,-0.323012413204,-0.255264795677,0.0,0.0,0.0
1609056239450528000,2160,1609056239450528000,8.71833481902,7.45162824465,6.88917467117,0.892335120506,0.451264510013,0.00208660960022,-0.00969643105007,0.445863256792,-0.316608693412,-0.296533513137,0.0,0.0,0.0
1609056239550211000,2161,1609056239550211000,8.74452113916,7.43520251182,6.853561817,0.892103185323,0.451702392048,0.0101704841095,0.00366292334241,0.432629088104,-0.291478184474,-0.322712652968,0.0,0.0,0.0
1609056239650222000,2162,1609056239650222000,8.77856018278,7.41426322551,6.81947144311,0.891699381944,0.452015232811,0.0180445530209,0.0151273148371,0.382959874891,-0.253018598863,-0.353567431103,0.0,0.0,0.0
1609056239750271000,2163,1609056239750271000,8.80613721821,7.37774487902,6.79397380897,0.891302115634,0.452705884311,0.0196708543396,0.0158422999304,0.316881678965,-0.205781293412,-0.381250065657,0.0,0.0,0.0
1609056239850394000,2164,1609056239850394000,8.84163877536,7.33510892606,6.76362424208,0.891353811597,0.45293699427,0.0163008361225,0.00841097588846,0.267056181449,-0.179570227668,-0.373364069354,0.0,0.0,0.0
1609056239950979000,2165,1609056239950979000,8.8749511838,7.28724310977,6.73976914132,0.890636103581,0.454523988347,0.0131329776067,0.00167329471199,0.238176295861,-0.163235532725,-0.365603573298,0.0,0.0,0.0
1609056240050681000,2166,1609056240050681000,8.90009271201,7.27186245794,6.7018507092,0.890337218781,0.455177285459,0.0086991202809,-0.00613196229527,0.215221038635,-0.146665437359,-0.365338583701,0.0,0.0,0.0
1609056240150384000,2167,1609056240150384000,8.91646539529,7.25938133772,6.66397563936,0.890183390101,0.455418420516,0.00404867768148,-0.0122964405927,0.206760217999,-0.13879831046,-0.355305331583,0.0,0.0,0.0
1609056240250465000,2168,1609056240250465000,8.95701874312,7.22094350055,6.63163571582,0.890251063817,0.4550736334,-0.000670985851032,-0.0189889793095,0.22533523545,-0.156279401639,-0.37729703068,0.0,0.0,0.0
1609056240350496000,2169,1609056240350496000,8.98262219814,7.20279134094,6.5916988379,0.890499462407,0.454338436465,-0.00482798723158,-0.0237483292577,0.240149834699,-0.15878465432,-0.386575996142,0.0,0.0,0.0
1609056240450576000,2170,1609056240450576000,9.02870915561,7.15317125857,6.55284456886,0.890662554705,0.453451450821,-0.00909096252911,-0.031927257881,0.268150405478,-0.182470836753,-0.383598018242,0.0,0.0,0.0
1609056240550537000,2171,1609056240550537000,9.05891818299,7.13486258948,6.51268296633,0.891037892834,0.451998670625,-0.0143682481112,-0.0392712201524,0.313305129813,-0.209271158961,-0.433552883376,0.0,0.0,0.0
1609056240650769000,2172,1609056240650769000,9.08601982927,7.13009705238,6.46897459891,0.891660390209,0.450427080723,-0.0172907827169,-0.0419311616493,0.372900784818,-0.229687583004,-0.441282199394,0.0,0.0,0.0
1609056240750577000,2173,1609056240750577000,9.11736704288,7.10175617466,6.42761749699,0.892308427489,0.448995233372,-0.0181397688886,-0.0431265512933,0.423937939262,-0.25909446944,-0.447337581956,0.0,0.0,0.0
1609056240850576000,2174,1609056240850576000,9.16047077972,7.08314724504,6.38268222702,0.89322700716,0.447296327934,-0.016654389455,-0.0423572899163,0.488707957405,-0.285748261303,-0.437737719042,0.0,0.0,0.0
1609056240950636000,2175,1609056240950636000,9.20930064468,7.06467435126,6.33705613683,0.894398537924,0.445468703608,-0.0131096186418,-0.0379081437625,0.53768909023,-0.308403178753,-0.45956448594,0.0,0.0,0.0
1609056241050666000,2176,1609056241050666000,9.23822226819,7.07181016305,6.29287960803,0.895566727507,0.443763046405,-0.00714626649608,-0.0313612197462,0.555544039419,-0.307264842382,-0.469757244864,0.0,0.0,0.0
1609056241150703000,2177,1609056241150703000,9.29406161616,7.04182125888,6.24524804994,0.896481423076,0.442229868048,-0.00283275125643,-0.02730892538,0.574433531999,-0.321373710376,-0.46810538558,0.0,0.0,0.0
1609056241250707000,2178,1609056241250707000,9.33522802159,7.02638970756,6.19700847065,0.897168539012,0.441204284754,0.000843158797022,-0.0206562534093,0.560188637491,-0.317880849101,-0.493208686779,0.0,0.0,0.0
1609056241350740000,2179,1609056241350740000,9.39643958569,6.98433024398,6.14915221159,0.897645818087,0.440239566418,0.00209993743908,-0.0204132234938,0.566993753269,-0.328328542026,-0.504397689267,0.0,0.0,0.0
1609056241450765000,2180,1609056241450765000,9.45210528191,6.94526227971,6.09733427842,0.89764267643,0.440502343879,0.00497720710583,-0.0130590159759,0.558656202102,-0.338475457516,-0.540523868521,0.0,0.0,0.0
1609056241550766000,2181,1609056241550766000,9.50674501692,6.91297125816,6.04359650179,0.897311481184,0.441280621625,0.0101253211954,-0.000998290548476,0.539645017591,-0.328942188097,-0.556847453836,0.0,0.0,0.0
1609056241650864000,2182,1609056241650864000,9.55740518494,6.87852555559,5.98785764688,0.897003497001,0.441819092661,0.0131394251167,0.0028233377876,0.496230470404,-0.30091078126,-0.55693886685,0.0,0.0,0.0
1609056241750897000,2183,1609056241750897000,9.61552417548,6.82708298567,5.93111810639,0.896876474453,0.442019362558,0.0151540224095,0.00135214658368,0.460879921403,-0.300709732025,-0.573006461282,0.0,0.0,0.0
1609056241850934000,2184,1609056241850934000,9.66252437164,6.79610985993,5.87513017176,0.896920536367,0.441881231956,0.0163743774669,0.00253141266274,0.418145704657,-0.289035907649,-0.556403352641,0.0,0.0,0.0
1609056241950907000,2185,1609056241950907000,9.70092445543,6.76757924759,5.8197527124,0.896857084022,0.441948781053,0.0179130850902,0.00278696030046,0.370986264495,-0.271955855309,-0.554615862431,0.0,0.0,0.0
1609056242050916000,2186,1609056242050916000,9.73954494142,6.73560686866,5.76351774482,0.896984005963,0.441777305505,0.0156846761521,0.00254878827432,0.327809608677,-0.264590536876,-0.561893839375,0.0,0.0,0.0
1609056242150990000,2187,1609056242150990000,9.7751837838,6.70282722487,5.7078075185,0.897083459181,0.441637388032,0.0136092846071,0.0035315900902,0.285234518282,-0.247572067422,-0.552201471143,0.0,0.0,0.0
1609056242251002000,2188,1609056242251002000,9.80272927058,6.67599198706,5.65087327661,0.897208399996,0.441461429672,0.0107142702499,0.00375466394496,0.247830400516,-0.22680218946,-0.580351708953,0.0,0.0,0.0
1609056242351024000,2189,1609056242351024000,9.82764323349,6.64969939615,5.58973065142,0.897211734312,0.441466966505,0.00800786222695,0.00734135134119,0.213320203086,-0.202608989549,-0.607603213913,0.0,0.0,0.0
1609056242451068000,2190,1609056242451068000,9.82528440696,6.64511695275,5.5369933493,0.897053275656,0.441778215443,0.00553633248651,0.00983758188236,0.170582464477,-0.165665545454,-0.612226886748,0.0,0.0,0.0
1609056242551126000,2191,1609056242551126000,9.83158072148,6.64417591346,5.47672141411,0.896958736469,0.441996714002,0.00413386133144,0.00931885586865,0.137036950729,-0.116794038267,-0.614966237866,0.0,0.0,0.0
1609056242651149000,2192,1609056242651149000,9.83048963832,6.65038042259,5.42142233675,0.896875819374,0.442205487733,0.00402295237282,0.00720326969932,0.10216260171,-0.0700941723754,-0.609992316659,0.0,0.0,0.0
1609056242751131000,2193,1609056242751131000,9.83841549984,6.64753476228,5.36162487579,0.896799299815,0.44239913498,0.00307757157272,0.0049547728708,0.0740485539639,-0.0359052464115,-0.627870909669,0.0,0.0,0.0
1609056242851237000,2194,1609056242851237000,9.84206695777,6.64824348157,5.30104011902,0.896781614776,0.442462454196,0.00207847350822,0.00232206254861,0.0613698065328,-0.00262031695272,-0.614858093742,0.0,0.0,0.0
1609056242951183000,2195,1609056242951183000,9.84107425738,6.65832061661,5.24577626963,0.896799995412,0.44241397577,0.00430124829194,-0.00106842713572,0.0395415101734,0.0296787898152,-0.580511590238,0.0,0.0,0.0
1609056243051229000,2196,1609056243051229000,9.83971017478,6.66705286365,5.18944081656,0.896898647118,0.442186356912,0.00475223618021,-0.00463236547491,0.0160853622433,0.0491198860857,-0.598237130391,0.0,0.0,0.0
1609056243151246000,2197,1609056243151246000,9.83923637351,6.67216632805,5.13214831069,0.89689933685,0.442128765764,0.00570720986393,-0.00782060086231,0.00152292823369,0.0599222398117,-0.585831777921,0.0,0.0,0.0
1609056243251324000,2198,1609056243251324000,9.83314665799,6.67874817161,5.07506815732,0.896943639701,0.442037282449,0.00359776733902,-0.00906665288422,-0.0147092659474,0.0682482349428,-0.594175746402,0.0,0.0,0.0
1609056243351312000,2199,1609056243351312000,9.83314922054,6.68644358187,5.01562953297,0.897046513492,0.441813325776,0.000926664512862,-0.0103768535981,-0.0213214532349,0.0803286211446,-0.605076978686,0.0,0.0,0.0
1609056243451428000,2200,1609056243451428000,9.83059214868,6.69350776411,4.95330180235,0.897122757175,0.441631278471,-0.00127636582838,-0.0114430470158,-0.030835146841,0.0986220413604,-0.605883573061,0.0,0.0,0.0
1609056243551377000,2201,1609056243551377000,9.82646088474,6.70377795073,4.89291400881,0.897162678404,0.44142682523,-0.00134829725614,-0.015481231863,-0.0261211964363,0.0998164314749,-0.635076641436,0.0,0.0,0.0
1609056243651441000,2202,1609056243651441000,9.82253496271,6.71734912523,4.82921585757,0.897270918785,0.441150492855,-0.00181524653658,-0.0169660200634,-0.0195480668153,0.10350391402,-0.672163881271,0.0,0.0,0.0
1609056243751513000,2203,1609056243751513000,9.82228061185,6.72609746664,4.75839476478,0.897214493799,0.441214551424,-0.000891594409245,-0.0183051028235,-0.0205541828024,0.111972794229,-0.672858214748,0.0,0.0,0.0
1609056243851505000,2204,1609056243851505000,9.81874809191,6.73569646663,4.69115483883,0.897280877852,0.441062474136,0.000952416557134,-0.0187086357793,-0.0161206060898,0.109292940979,-0.681408495411,0.0,0.0,0.0
1609056243951574000,2205,1609056243951574000,9.81174181162,6.746216478,4.62799279486,0.897321765991,0.440877788939,0.00484645561089,-0.0204189952299,-0.0185987776966,0.105049740391,-0.647549009869,0.0,0.0,0.0
1609056244051556000,2206,1609056244051556000,9.80574168694,6.75829858874,4.56201936058,0.89757013471,0.440602803618,0.00381359111551,-0.0149157381534,-0.0322856163864,0.101947780739,-0.685484204659,0.0,0.0,0.0
1609056244151592000,2207,1609056244151592000,9.79436379043,6.77469085945,4.49918266793,0.897832843143,0.440212187996,0.00355436471622,-0.00983777442002,-0.0394839047973,0.104734506179,-0.711026832268,0.0,0.0,0.0
1609056244251670000,2208,1609056244251670000,9.79380131207,6.7874307242,4.42913708939,0.898081829536,0.439796582569,0.00278749727983,-0.00449702977342,-0.0621369671154,0.131964544225,-0.736583730591,0.0,0.0,0.0
1609056244351670000,2209,1609056244351670000,9.79161347713,6.7973118364,4.3513705917,0.898205091305,0.43956790217,0.00194159978868,-0.00197573402263,-0.0749932202283,0.160593031042,-0.743442739964,0.0,0.0,0.0
1609056244451678000,2210,1609056244451678000,9.78139286425,6.80710076129,4.28180519101,0.898166893145,0.439645792316,0.00228425065004,-0.00160983078204,-0.0930044255815,0.186566466203,-0.736012589577,0.0,0.0,0.0
1609056244551771000,2211,1609056244551771000,9.77226709182,6.82534113208,4.20913657019,0.89817787619,0.439618033199,0.00335348689147,-0.00111433177001,-0.101842942007,0.211362135853,-0.7124910874,0.0,0.0,0.0
1609056244651831000,2212,1609056244651831000,9.75906845616,6.84681974932,4.13820464333,0.898195891085,0.439545163873,0.00664731378948,5.80787186637e-05,-0.126719892347,0.243774721858,-0.677675671383,0.0,0.0,0.0
1609056244751843000,2213,1609056244751843000,9.74614902091,6.86965218638,4.06854651978,0.898147447975,0.439569728206,0.0104630129544,0.000375633869959,-0.158059961194,0.271971473793,-0.676302124341,0.0,0.0,0.0
1609056244851757000,2214,1609056244851757000,9.73040517019,6.89588453701,3.99996319214,0.898191620785,0.439416906538,0.0127668237833,-0.00126602132731,-0.197923583316,0.295550037637,-0.665050969627,0.0,0.0,0.0
1609056244951838000,2215,1609056244951838000,9.71055301596,6.92479520767,3.93331732358,0.898209147082,0.439351528182,0.0132879048202,-0.00374090484454,-0.236820675787,0.311204313753,-0.632543146223,0.0,0.0,0.0
1609056245051820000,2216,1609056245051820000,9.68739394827,6.95587507084,3.87158641825,0.898210204965,0.43931481171,0.0137912506756,-0.00554304196327,-0.272601669855,0.32234300411,-0.574227586772,0.0,0.0,0.0
1609056245151878000,2217,1609056245151878000,9.65719117803,6.98768528081,3.8187535605,0.898295847183,0.439107754437,0.014522085145,-0.00616927622427,-0.30994004916,0.326877034334,-0.551437506841,0.0,0.0,0.0
1609056245251927000,2218,1609056245251927000,9.62093841264,7.01891494597,3.76606531282,0.898281375057,0.439188258708,0.0127158228829,-0.0065232267185,-0.348948022159,0.33560272936,-0.493945698543,0.0,0.0,0.0
1609056245351964000,2219,1609056245351964000,9.58110115538,7.04604104683,3.71873469156,0.898143768103,0.439501959195,0.0122691068623,-0.00502679801271,-0.382212124629,0.34077119468,-0.455446019651,0.0,0.0,0.0
1609056245451939000,2220,1609056245451939000,9.54562862228,7.06793804871,3.6758062082,0.898075348308,0.439713876191,0.009517884833,-0.00466751695043,-0.404861788437,0.345826725464,-0.418539085467,0.0,0.0,0.0
1609056245552076000,2221,1609056245552076000,9.50063107336,7.10329993696,3.63490624167,0.898121682424,0.439700000325,0.00627751183329,-0.00139503360389,-0.432254863078,0.362538682587,-0.396911279582,0.0,0.0,0.0
1609056245652022000,2222,1609056245652022000,9.4537158538,7.13751081484,3.59458139778,0.898010055731,0.439953206343,0.00367587882517,0.00236726632694,-0.455680315619,0.392027218079,-0.3659192167,0.0,0.0,0.0
1609056245752056000,2223,1609056245752056000,9.39942627824,7.16295824648,3.55130588299,0.897828572842,0.4403235049,0.00286003053631,0.00329924937184,-0.485781156292,0.423283968219,-0.350400058477,0.0,0.0,0.0
1609056245852090000,2224,1609056245852090000,9.35291831225,7.2088593342,3.50668125366,0.897877952857,0.440236480255,0.00233337601225,0.00125641643007,-0.505247774942,0.462261826788,-0.351772511474,0.0,0.0,0.0
1609056245952140000,2225,1609056245952140000,9.30254411641,7.25631964434,3.46438293648,0.897931274804,0.440127490189,0.00237507913863,-0.00125582969802,-0.518668899426,0.491743527801,-0.359694970171,0.0,0.0,0.0
1609056246052162000,2226,1609056246052162000,9.24540902902,7.29462671746,3.3995376369,0.897766744771,0.440425884182,0.00239089298475,-0.00584774796781,-0.538399449898,0.509981765481,-0.372263350553,0.0,0.0,0.0
1609056246152171000,2227,1609056246152171000,9.18990030875,7.34535815779,3.36268367726,0.897801778408,0.440317690348,0.00321285686244,-0.00787247135554,-0.544623120448,0.517517542092,-0.382545031236,0.0,0.0,0.0
1609056246252166000,2228,1609056246252166000,9.13343760767,7.39642773794,3.33402001867,0.897735687509,0.440439957839,0.00223632484328,-0.00884747207142,-0.555586694172,0.526496958077,-0.391438530995,0.0,0.0,0.0
1609056246352224000,2229,1609056246352224000,9.07591090191,7.44974742821,3.29611903033,0.897628663843,0.440684935939,0.00225589345726,-0.00738105881202,-0.561300109311,0.539163252673,-0.378996373322,0.0,0.0,0.0
1609056246452228000,2230,1609056246452228000,9.01810791791,7.48830642347,3.26901381954,0.897444264886,0.441059276087,0.00332163805783,-0.00703371320464,-0.571282761936,0.540925476376,-0.367544287287,0.0,0.0,0.0
1609056246552262000,2231,1609056246552262000,8.96123867354,7.54310794432,3.23084925425,0.897341741253,0.441286168006,0.00320214560366,-0.00583640254086,-0.582402219579,0.553877064887,-0.346630184083,0.0,0.0,0.0
1609056246652350000,2232,1609056246652350000,8.90096715569,7.59983167636,3.1939221419,0.897294970845,0.441353180071,0.0034456052259,-0.00756528536183,-0.593376997278,0.567278387791,-0.335976431172,0.0,0.0,0.0
1609056246752331000,2233,1609056246752331000,8.84054740731,7.65760434579,3.16213758872,0.897249482259,0.441408650291,0.00265354683813,-0.00973286816957,-0.603190078216,0.573685407199,-0.332001429232,0.0,0.0,0.0
1609056246852407000,2234,1609056246852407000,8.77201940095,7.70959198492,3.12301229496,0.897105610485,0.441680835789,0.00194693664429,-0.0107597569678,-0.615073335246,0.578612986765,-0.323550593663,0.0,0.0,0.0
1609056246952384000,2235,1609056246952384000,8.71163154763,7.7710382735,3.08711299056,0.897040097669,0.441784795631,0.0022742489785,-0.0118357642624,-0.619343118548,0.590675149493,-0.294684721537,0.0,0.0,0.0
1609056247052489000,2236,1609056247052489000,8.64673895483,7.83478571824,3.05098223894,0.896875338008,0.441883455592,0.003131330947,-0.0185427752322,-0.621765221399,0.591240493536,-0.244954294661,0.0,0.0,0.0
1609056247152505000,2237,1609056247152505000,8.57770230874,7.89488270407,3.02718996089,0.896816748473,0.441651603482,0.00445220168625,-0.0253724003726,-0.619609502278,0.575640222942,-0.234471169995,0.0,0.0,0.0
1609056247252539000,2238,1609056247252539000,8.51919033887,7.94907562619,3.01090375411,0.896808678854,0.441268482085,0.00539048938459,-0.0314207395496,-0.613052806445,0.539889684178,-0.232409649281,0.0,0.0,0.0
1609056247352548000,2239,1609056247352548000,8.46149792527,8.00047062595,2.99935567426,0.896919951047,0.440998197769,0.00369367032974,-0.0322730193362,-0.600617758109,0.498779934392,-0.247923794843,0.0,0.0,0.0
1609056247452511000,2240,1609056247452511000,8.402386897,8.04508622894,2.98220636492,0.897175895871,0.440631403188,-0.000780075289815,-0.0303112169879,-0.585313626475,0.467234290758,-0.239826295412,0.0,0.0,0.0
1609056247552593000,2241,1609056247552593000,8.3421494595,8.09103593714,2.95394754884,0.897393798599,0.440417006407,-0.00392741527051,-0.026491623435,-0.570285380175,0.445782501122,-0.22586445428,0.0,0.0,0.0
1609056247652604000,2242,1609056247652604000,8.28971836467,8.14060907565,2.9335726682,0.897557469121,0.440124806182,-0.00390967980854,-0.0257964922636,-0.545386274013,0.436734309777,-0.191679220741,0.0,0.0,0.0
1609056247752668000,2243,1609056247752668000,8.23351020152,8.18822617803,2.90628686236,0.897656268549,0.439787435567,-0.000603639940972,-0.0282819849275,-0.524712998361,0.419199618783,-0.181242188994,0.0,0.0,0.0
1609056247852710000,2244,1609056247852710000,8.17806655468,8.23249354634,2.88091751027,0.897666559048,0.43955791293,0.00307354064195,-0.0312112687189,-0.509359109607,0.386918094816,-0.165386218576,0.0,0.0,0.0
1609056247952744000,2245,1609056247952744000,8.12895591904,8.27005015818,2.86531675029,0.897566143993,0.439542413774,0.00766731720261,-0.0334469116353,-0.508447515595,0.348427115487,-0.183152791015,0.0,0.0,0.0
1609056248052745000,2246,1609056248052745000,8.08312652689,8.29909566284,2.85443224556,0.897624004422,0.439555258106,0.00847102796498,-0.0314732178444,-0.499918335948,0.297230518783,-0.214710688347,0.0,0.0,0.0
1609056248152812000,2247,1609056248152812000,8.02633732634,8.32869008788,2.83888861554,0.897750344506,0.439636107132,0.00851727069937,-0.0263033903579,-0.502436382045,0.262697045105,-0.214001100755,0.0,0.0,0.0
1609056248252786000,2248,1609056248252786000,7.974830329,8.35070289907,2.81922695625,0.897837379791,0.439926532167,0.00755007974744,-0.0171954075767,-0.51513485886,0.244693493559,-0.225996629429,0.0,0.0,0.0
1609056248352790000,2249,1609056248352790000,7.92398487615,8.37396095526,2.79819786576,0.897743030359,0.440311900845,0.00642859597854,-0.0118976708005,-0.522007742351,0.237110776408,-0.20337102742,0.0,0.0,0.0
1609056248452838000,2250,1609056248452838000,7.86770901838,8.40353793203,2.77910550935,0.897750069708,0.440404914321,0.00640649549405,-0.00687608872152,-0.531769299253,0.24468643421,-0.206421360121,0.0,0.0,0.0
1609056248552904000,2251,1609056248552904000,7.81750023891,8.42601535787,2.75886138919,0.897762967954,0.440419291387,0.00445141927265,-0.00571716812507,-0.54225727841,0.252777376111,-0.219098126835,0.0,0.0,0.0
1609056248652916000,2252,1609056248652916000,7.76589778484,8.4508417569,2.73603218314,0.897676747311,0.440606903305,0.00318062175944,-0.00564780873465,-0.544063446997,0.260318370115,-0.216173651453,0.0,0.0,0.0
1609056248752955000,2253,1609056248752955000,7.70188527032,8.47359257903,2.7186869632,0.897610163825,0.440754364439,0.00398263186513,-0.00396518219074,-0.546736330295,0.267321085796,-0.196009534193,0.0,0.0,0.0
1609056248852989000,2254,1609056248852989000,7.64832411446,8.49867090408,2.69985765583,0.897537607549,0.440905028779,0.00481573060023,-0.0024098488968,-0.559734282914,0.280904676331,-0.178060728416,0.0,0.0,0.0
1609056248952974000,2255,1609056248952974000,7.59381936847,8.52591972666,2.6830200356,0.8975152894,0.440961263238,0.00433324513419,-0.000832227689153,-0.57237191272,0.297926852667,-0.158827196545,0.0,0.0,0.0
1609056249053061000,2256,1609056249053061000,7.53924113872,8.55522298951,2.66605198485,0.897466275888,0.441060831676,0.00433483104832,0.000914136192486,-0.582852662132,0.315457823455,-0.157376661959,0.0,0.0,0.0
1609056249153118000,2257,1609056249153118000,7.49023929583,8.58553147279,2.64984483222,0.897546384264,0.440903448513,0.00360069446423,0.00129312910909,-0.588833781649,0.334339211853,-0.146216801798,0.0,0.0,0.0
1609056249253055000,2258,1609056249253055000,7.43072529092,8.62074517667,2.6345831902,0.897533898083,0.440914870006,0.0037775970696,0.00356496277666,-0.604820788067,0.362883005721,-0.116012131223,0.0,0.0,0.0
1609056249353105000,2259,1609056249353105000,7.37130700443,8.65984361252,2.62142850205,0.897595769536,0.440804011974,0.00338966569724,0.00147231285801,-0.617439853349,0.390458441381,-0.0979341909689,0.0,0.0,0.0
1609056249453117000,2260,1609056249453117000,7.31317630798,8.6979814376,2.61335838423,0.896958380291,0.442094698041,0.00423398374551,-0.000123981241124,-0.650371648444,0.428760664727,-0.06668112038,0.0,0.0,0.0
1609056249553143000,2261,1609056249553143000,7.25244758537,8.73426423774,2.61094276364,0.893746087003,0.448541816975,0.00514524884498,-0.00130261491038,-0.684378619191,0.455512859956,-0.0195598985851,0.0,0.0,0.0
1609056249653150000,2262,1609056249653150000,7.18773222661,8.77672079383,2.61288098422,0.888721199371,0.45840815494,0.0053263056657,-0.00286770655951,-0.711287088467,0.475797389452,0.00250412845874,0.0,0.0,0.0
1609056249753201000,2263,1609056249753201000,7.12955041811,8.82117949195,2.61640476322,0.882773886795,0.469751849681,0.00481693247183,-0.00450129717882,-0.720564596056,0.486130850592,0.0155441814561,0.0,0.0,0.0
1609056249853219000,2264,1609056249853219000,7.06105580546,8.86885582151,2.62039825433,0.876767922475,0.480852737821,0.00324271686763,-0.00693825882956,-0.725931767687,0.490041922504,0.0211955053835,0.0,0.0,0.0
1609056249953305000,2265,1609056249953305000,6.99813576342,8.91637456312,2.6217504505,0.872028688349,0.489340976775,0.00221327044412,-0.0103187489155,-0.702271125715,0.483166100492,0.0277934054978,0.0,0.0,0.0
1609056250053361000,2266,1609056250053361000,6.91587729366,8.96891288893,2.62278136221,0.868218710128,0.496030415905,0.00217124492263,-0.0120575112099,-0.696476482128,0.474252304853,0.0345454443273,0.0,0.0,0.0
1609056250153311000,2267,1609056250153311000,6.85730122438,9.0174877703,2.62161118956,0.865518150921,0.500801210434,0.00362691924487,-0.00795760706637,-0.68185056275,0.473082814052,0.0487267446714,0.0,0.0,0.0
1609056250253333000,2268,1609056250253333000,6.78086355192,9.07321947148,2.62542077166,0.864265651831,0.502973433851,0.00339271332521,-0.00714824469097,-0.692779354013,0.485440846255,0.0747315181764,0.0,0.0,0.0
1609056250353383000,2269,1609056250353383000,6.71163391952,9.12577405905,2.6333548331,0.86195625379,0.506835476251,0.000589956396631,-0.0122011686603,-0.713263251347,0.503407510836,0.0868807213901,0.0,0.0,0.0
1609056250453436000,2270,1609056250453436000,6.6410328782,9.17509277256,2.64258496139,0.858793030421,0.511984357039,-0.00207188696003,-0.0185001711047,-0.704614060216,0.498860412747,0.0939057644357,0.0,0.0,0.0
1609056250553462000,2271,1609056250553462000,6.57126312404,9.22582375053,2.65191001624,0.855719798475,0.516580131728,-0.00598109426908,-0.0292030907956,-0.67870809565,0.485144936943,0.104970998656,0.0,0.0,0.0
1609056250653511000,2272,1609056250653511000,6.50612541748,9.2710447968,2.66182175306,0.852440578724,0.521212611838,-0.0108849281634,-0.0395473304274,-0.642694157093,0.454375935658,0.0937967045868,0.0,0.0,0.0
1609056250753525000,2273,1609056250753525000,6.44529248033,9.31099435709,2.67120377509,0.84567721735,0.531369031075,-0.014576194153,-0.0475870931321,-0.623860504589,0.429160879879,0.106867575762,0.0,0.0,0.0
1609056250853551000,2274,1609056250853551000,6.38529909827,9.34840781913,2.6810216023,0.832248423461,0.551753226556,-0.0155211097055,-0.051865535613,-0.629983998127,0.4002042072,0.10564334774,0.0,0.0,0.0
1609056250953569000,2275,1609056250953569000,6.33090502518,9.3806842228,2.69110092167,0.81529842448,0.576367524233,-0.0149882458907,-0.0535192351924,-0.554627344099,0.333604915914,0.11201557543,0.0,0.0,0.0
1609056251053648000,2276,1609056251053648000,6.28166567233,9.41006248022,2.70018347074,0.798963941188,0.599634478143,-0.010655413581,-0.0445148903873,-0.44971914796,0.266699829611,0.0821402223391,0.0,0.0,0.0
1609056251153619000,2277,1609056251153619000,6.23692917339,9.43586302834,2.70782798121,0.783262894633,0.620886394922,-0.00307372533444,-0.0314622743057,-0.406396997299,0.234272139781,0.0734555642598,0.0,0.0,0.0
1609056251253655000,2278,1609056251253655000,6.19396585043,9.46304986939,2.71520960741,0.773527279376,0.633371798956,0.00304678684508,-0.0220551453964,-0.30692327893,0.208417884208,0.057633032091,0.0,0.0,0.0
1609056251353716000,2279,1609056251353716000,6.15627076285,9.48962515217,2.72116762439,0.771149688032,0.636323185377,0.00286581858158,-0.0203162369407,-0.286811798707,0.204298889759,0.0520207185479,0.0,0.0,0.0
1609056251453771000,2280,1609056251453771000,6.11513606257,9.51847906814,2.72730736492,0.770390615232,0.637131805687,-0.000304217204337,-0.0236911290652,-0.27443066877,0.202754305655,0.0598621631726,0.0,0.0,0.0
1609056251553801000,2281,1609056251553801000,6.09317407978,9.5373221921,2.73233666306,0.775959280501,0.630243656669,-0.00251396854363,-0.0259578156708,-0.160956173749,0.173529873633,0.0430303447327,0.0,0.0,0.0
1609056251653852000,2282,1609056251653852000,6.06109201375,9.56617666276,2.73696348553,0.788658902589,0.614257713349,-0.00408113754598,-0.0262286346302,-0.123524798122,0.165795016457,0.0592064141526,0.0,0.0,0.0
1609056251753852000,2283,1609056251753852000,6.05363491875,9.58125143591,2.74332328785,0.804164227583,0.593776585121,-0.00436844863013,-0.0270218188628,-0.0717353096234,0.14262891673,0.0874660551055,0.0,0.0,0.0
1609056251853837000,2284,1609056251853837000,6.03418321619,9.6039950558,2.75229723632,0.817769386069,0.574868532405,-0.00476891013464,-0.027507438168,-0.147166475882,0.159381416886,0.119113246824,0.0,0.0,0.0
1609056251953872000,2285,1609056251953872000,6.01496806858,9.62252662307,2.76342201402,0.820800741807,0.570383530184,-0.00526617063546,-0.0303486110185,-0.190669388615,0.169005669258,0.128489985407,0.0,0.0,0.0
1609056252053913000,2286,1609056252053913000,6.00833961905,9.6310445322,2.76949358739,0.82133326927,0.569562595107,-0.00699986157965,-0.0310018222494,-0.159889521246,0.151207140798,0.0812708267733,0.0,0.0,0.0
1609056252153944000,2287,1609056252153944000,5.99217352274,9.64537744403,2.77635905255,0.8211084523,0.569917417827,-0.00946779570475,-0.0297557937854,-0.1295686928,0.139188831903,0.0258265944027,0.0,0.0,0.0
1609056252253943000,2288,1609056252253943000,6.00326310802,9.64267806415,2.77176243261,0.820869853715,0.570825964775,-0.0063813206505,-0.0170199866893,-0.076092536362,0.121141418748,-0.00593700979509,0.0,0.0,0.0
1609056252353996000,2289,1609056252353996000,5.99876407251,9.6562814183,2.77104292489,0.820744874971,0.571220503237,-0.00291072966656,-0.00874725924147,-0.0696570379539,0.138074421002,0.000394808523462,0.0,0.0,0.0
1609056252454026000,2290,1609056252454026000,5.99820798523,9.66836711732,2.76806386301,0.820748904548,0.571284149369,0.00119288663927,-0.00205751898629,-0.0670905691747,0.155595787072,-0.0164696893049,0.0,0.0,0.0
1609056252554040000,2291,1609056252554040000,6.0301520636,9.65546369924,2.76010347699,0.820636350602,0.571367919735,0.00717677576297,0.00657071213444,-0.0615728395775,0.16230776364,-0.0331057301696,0.0,0.0,0.0
1609056252654080000,2292,1609056252654080000,6.02048999953,9.67580992164,2.76073381937,0.820760329092,0.571164208904,0.00832557132871,0.00739009592855,-0.108835417665,0.202956596935,-0.0319317687318,0.0,0.0,0.0
1609056252754161000,2293,1609056252754161000,6.04739220016,9.66557009237,2.7552000242,0.820745606753,0.571214869773,0.00800358178795,0.00511509765434,-0.119063671989,0.209349346622,-0.0279078564236,0.0,0.0,0.0
1609056252854161000,2294,1609056252854161000,6.03415125409,9.68940399661,2.75428481969,0.820820035407,0.571118807518,0.00834054544402,0.00286574175533,-0.14780640258,0.236667249615,-0.0112678602383,0.0,0.0,0.0
1609056252954180000,2295,1609056252954180000,6.01837013911,9.71386584985,2.75512661873,0.821048737211,0.570805543218,0.0077454299775,-0.000106163266233,-0.181346038214,0.254881382955,-0.0305327833662,0.0,0.0,0.0
1609056253054213000,2296,1609056253054213000,5.99894665977,9.7405806902,2.75683388152,0.821181201156,0.570627264906,0.00543118637294,-0.00405729331312,-0.206711017095,0.276714138682,0.00832360867999,0.0,0.0,0.0
1609056253154223000,2297,1609056253154223000,5.98054469252,9.76961619987,2.76090591066,0.821166289295,0.570638697294,0.00350246832114,-0.00671827294452,-0.216478633513,0.291791497088,0.0968324309915,0.0,0.0,0.0
1609056253254242000,2298,1609056253254242000,5.95899287182,9.80120029918,2.77189632476,0.821197387021,0.570578427508,0.0034075122892,-0.00796859289794,-0.224959761238,0.305191864534,0.171408416351,0.0,0.0,0.0
1609056253354292000,2299,1609056253354292000,5.94486620142,9.81686738358,2.79712962305,0.8210410504,0.570778995127,0.00378291256734,-0.00941391801299,-0.236976386114,0.305033313475,0.241616838321,0.0,0.0,0.0
1609056253454280000,2300,1609056253454280000,5.91607517905,9.85291389988,2.82625383669,0.821020163227,0.570767991812,0.00299838041992,-0.0118659518406,-0.242567968123,0.318147527063,0.318137656415,0.0,0.0,0.0
1609056253554304000,2301,1609056253554304000,5.89091769212,9.88587807887,2.85833088188,0.821131363467,0.570592725993,0.00268917520727,-0.0126488462297,-0.242345536082,0.318698215203,0.35743650999,0.0,0.0,0.0
1609056253654396000,2302,1609056253654396000,5.86387634457,9.92008518744,2.89539476617,0.821272545256,0.570415323406,0.00224221216843,-0.0115211855869,-0.248093625522,0.327371463585,0.391946829846,0.0,0.0,0.0
1609056253754415000,2303,1609056253754415000,5.84156706272,9.95069999668,2.93265426372,0.821182724079,0.570599230235,0.00388935893691,-0.00776691805816,-0.260459165457,0.331902333926,0.409413371766,0.0,0.0,0.0
1609056253854460000,2304,1609056253854460000,5.81157529601,9.98580901992,2.97556923009,0.821275341348,0.570474292083,0.00503572397264,-0.00636688697033,-0.271910152868,0.345994192206,0.4081630018,0.0,0.0,0.0
1609056253954489000,2305,1609056253954489000,5.77986335344,10.0224556249,3.01736778274,0.821297705508,0.570436889972,0.00594251416906,-0.00604317900908,-0.2947702557,0.358468978372,0.375811933601,0.0,0.0,0.0
1609056254054502000,2306,1609056254054502000,5.74802961146,10.0593757411,3.05077590151,0.822695292522,0.568422096012,0.0044640413957,-0.0069891889185,-0.286809203352,0.360349630724,0.304416269689,0.0,0.0,0.0
1609056254154482000,2307,1609056254154482000,5.715627349,10.0978131309,3.07799263944,0.825605139772,0.56419122356,0.00338843800211,-0.00727563941877,-0.29010838521,0.371819928373,0.279824377681,0.0,0.0,0.0
1609056254254557000,2308,1609056254254557000,5.68387441741,10.1384909473,3.10387581071,0.829418034324,0.558526045567,0.00304662179563,-0.0102517734019,-0.297856579349,0.38325941509,0.24458431151,0.0,0.0,0.0
1609056254354598000,2309,1609056254354598000,5.65712092927,10.185168896,3.1241041338,0.83351722983,0.552296098369,0.00314607979942,-0.0144273866094,-0.306740557771,0.394365546545,0.218385500151,0.0,0.0,0.0
1609056254454602000,2310,1609056254454602000,5.63071619538,10.2129824437,3.14729282686,0.8361786281,0.548129706427,0.0027845751468,-0.0187449454846,-0.339873176167,0.400331072096,0.24440776185,0.0,0.0,0.0
1609056254554636000,2311,1609056254554636000,5.60008157844,10.2461558789,3.17330316803,0.83680643059,0.546787394264,-8.34416642877e-05,-0.027902262181,-0.334830230813,0.383647515403,0.343971071913,0.0,0.0,0.0
1609056254654629000,2312,1609056254654629000,5.56688546159,10.2833932691,3.21081349508,0.836911206091,0.546257278543,-0.00226945748938,-0.034314258269,-0.315350134598,0.362118631025,0.418462964794,0.0,0.0,0.0
1609056254754726000,2313,1609056254754726000,5.53494724421,10.3104332184,3.25515032507,0.83685500842,0.546044596621,-0.00391083949911,-0.0386483986299,-0.281003974722,0.323876305825,0.538471074104,0.0,0.0,0.0
1609056254854746000,2314,1609056254854746000,5.50904164434,10.3433892299,3.31418918767,0.836789818241,0.545922917335,-0.00463851499531,-0.0415866877198,-0.239187320287,0.290756035651,0.639151577682,0.0,0.0,0.0
1609056254954773000,2315,1609056254954773000,5.48586430613,10.3696155463,3.3794547176,0.836980410153,0.545472954395,-0.00677105100745,-0.0433266882295,-0.197831542054,0.253175569214,0.656956377381,0.0,0.0,0.0
1609056255054826000,2316,1609056255054826000,5.46400535804,10.3901671598,3.43921752262,0.83701452642,0.545746312086,-0.00658231116274,-0.0390425227918,-0.148431865582,0.215684123941,0.612631528337,0.0,0.0,0.0
1609056255154840000,2317,1609056255154840000,5.44981879212,10.4156388829,3.49995963939,0.837242493933,0.546134593861,-0.000739105433161,-0.0275946636935,-0.122645738158,0.201054775585,0.581309264517,0.0,0.0,0.0
1609056255254807000,2318,1609056255254807000,5.43839082351,10.4324695799,3.55811453791,0.837307591471,0.546444802718,0.00476832670416,-0.0170686234922,-0.114233229176,0.189730340899,0.553001761909,0.0,0.0,0.0
1609056255354776000,2319,1609056255354776000,5.42560653559,10.4503128229,3.61247254052,0.83732687561,0.546554693442,0.00897215292943,-0.00900949109443,-0.123171554922,0.192285597638,0.524561272182,0.0,0.0,0.0
1609056255454908000,2320,1609056255454908000,5.39849798455,10.4718848182,3.6699859579,0.837078258388,0.54691509178,0.0134281465897,-0.00188589394913,-0.161753650348,0.201857140725,0.505067523735,0.0,0.0,0.0
1609056255554886000,2321,1609056255554886000,5.38240818672,10.4886843584,3.71904891599,0.836885937105,0.547137094966,0.0159945920496,0.00266469755339,-0.196832671729,0.216010481824,0.479284669847,0.0,0.0,0.0
1609056255654916000,2322,1609056255654916000,5.36214850643,10.5075286223,3.76558323834,0.836717022941,0.547320339071,0.0170501461204,0.00737309148514,-0.243114469081,0.234446675722,0.473057558399,0.0,0.0,0.0
1609056255754970000,2323,1609056255754970000,5.33658539107,10.5177952154,3.81004585466,0.836658477869,0.547410321141,0.0164194718969,0.00865636531314,-0.290058982023,0.249954016251,0.461309353345,0.0,0.0,0.0
1609056255855015000,2324,1609056255855015000,5.3075059833,10.542564933,3.85527256721,0.836715921582,0.547365499138,0.0146522941619,0.00909874715251,-0.335287812347,0.272003751243,0.449835368293,0.0,0.0,0.0
1609056255955066000,2325,1609056255955066000,5.27329040271,10.5680725887,3.89976381265,0.836782513892,0.54732402076,0.0130484571836,0.00782166922896,-0.385196809228,0.303987379772,0.462586586162,0.0,0.0,0.0
1609056256055037000,2326,1609056256055037000,5.23330975542,10.5962339248,3.94517840276,0.836899343357,0.54724866265,0.0108633403099,0.000614942119711,-0.41707718106,0.323340577693,0.472549560421,0.0,0.0,0.0
1609056256155089000,2327,1609056256155089000,5.18888127785,10.6265754012,3.99137611989,0.836950833544,0.547173722259,0.00887491797266,-0.00595447144245,-0.434962370231,0.330746633264,0.466823260051,0.0,0.0,0.0
1609056256255090000,2328,1609056256255090000,5.14497846822,10.658430768,4.03823230199,0.836967486687,0.547088396298,0.00611020738033,-0.0119322349043,-0.445377773081,0.330542405729,0.467079888593,0.0,0.0,0.0
1609056256355139000,2329,1609056256355139000,5.102341658,10.6809294039,4.08495316651,0.836794348,0.547256928886,0.00342925374601,-0.0165321855867,-0.447259998198,0.318933003979,0.452893837393,0.0,0.0,0.0
1609056256455177000,2330,1609056256455177000,5.05864674669,10.7174967637,4.13159041553,0.836817607506,0.546792978636,-0.0030489143729,-0.0272843252267,-0.433439087401,0.31425069371,0.441353003119,0.0,0.0,0.0
1609056256555181000,2331,1609056256555181000,5.01413121816,10.7567239842,4.17406510281,0.837808992312,0.544611592532,-0.0087657172335,-0.0373827217196,-0.382498403324,0.289943554236,0.40760711812,0.0,0.0,0.0
1609056256655229000,2332,1609056256655229000,4.97690288559,10.7811803937,4.21222647567,0.839519578172,0.541398345689,-0.0118114830218,-0.0442176211489,-0.32759454254,0.252486433688,0.377938839861,0.0,0.0,0.0
1609056256755246000,2333,1609056256755246000,4.94614491373,10.8080042187,4.24885385469,0.841343680663,0.538248688644,-0.012977494349,-0.0475472903655,-0.26414113178,0.215382294196,0.357526584349,0.0,0.0,0.0
1609056256855310000,2334,1609056256855310000,4.92064404396,10.8322717866,4.28459021422,0.843315465849,0.535212491225,-0.0129879763106,-0.0468820516643,-0.200253869356,0.174514193632,0.343065418795,0.0,0.0,0.0
1609056256955417000,2335,1609056256955417000,4.9025347788,10.8490871455,4.31902224306,0.845233949331,0.532309458361,-0.012802526567,-0.0454126276621,-0.137267470037,0.134721855746,0.347497082194,0.0,0.0,0.0
1609056257055354000,2336,1609056257055354000,4.89008966886,10.8655071459,4.35191502833,0.847198548997,0.529841510796,-0.00921728472185,-0.037916140071,-0.0768282947827,0.102423262143,0.349742635003,0.0,0.0,0.0
1609056257155367000,2337,1609056257155367000,4.88224234969,10.8754940366,4.38578486906,0.848984761832,0.527487282048,-0.00574962386874,-0.0308055722302,-0.0435802367149,0.081488526131,0.348235116501,0.0,0.0,0.0
1609056257255434000,2338,1609056257255434000,4.8809368395,10.877872879,4.4216062904,0.850513227694,0.525229419763,-0.00404782415514,-0.0272932455405,-0.0144228019439,0.0669746140267,0.346095440934,0.0,0.0,0.0
1609056257355452000,2339,1609056257355452000,4.88397916706,10.8818372846,4.45161032807,0.851829122918,0.523194893997,-0.00334224532741,-0.0253589755435,0.0153960972865,0.0540632936928,0.35089382859,0.0,0.0,0.0
1609056257455483000,2340,1609056257455483000,4.88650532385,10.8858247514,4.48774430794,0.853127964687,0.521146828821,-0.00205330618619,-0.0239675324677,0.0390795818313,0.0413724842819,0.363136073764,0.0,0.0,0.0
1609056257555491000,2341,1609056257555491000,4.89094967469,10.8893919688,4.52383253689,0.854470867302,0.519023379231,-0.00137822499167,-0.0221893947675,0.0611199460412,0.0266824135899,0.362383967558,0.0,0.0,0.0
1609056257655546000,2342,1609056257655546000,4.90202440549,10.8858724279,4.55887178017,0.855733732107,0.516997946143,-0.000295952917687,-0.0208042262555,0.0775564634378,0.0163527356265,0.383643955258,0.0,0.0,0.0
1609056257755579000,2343,1609056257755579000,4.91038610204,10.882410041,4.5972609175,0.857030940271,0.514885732409,0.000226836638151,-0.0197635656008,0.0916852486423,0.00279637881919,0.403149732118,0.0,0.0,0.0
1609056257855598000,2344,1609056257855598000,4.92269550369,10.8776673366,4.63677079533,0.85806884981,0.51314651702,5.2744505508e-05,-0.0199624215699,0.101906278932,-0.00219053990089,0.427712143981,0.0,0.0,0.0
1609056257955663000,2345,1609056257955663000,4.93487647902,10.8654119217,4.68060377372,0.858727217807,0.512052127884,0.000625214551311,-0.0197431718009,0.119305308664,-0.0207672206094,0.461499268437,0.0,0.0,0.0
1609056258055645000,2346,1609056258055645000,4.94685737641,10.86400813,4.72801248103,0.859348198357,0.511068687511,0.0014325476225,-0.018094707345,0.125157094154,-0.0256359246815,0.475232292826,0.0,0.0,0.0
1609056258155697000,2347,1609056258155697000,4.96302771838,10.856311559,4.77476517995,0.859821022459,0.510198516814,-0.000797484942275,-0.0201158344668,0.13312177342,-0.0349902179072,0.488962888183,0.0,0.0,0.0
1609056258255699000,2348,1609056258255699000,4.97994665047,10.8474339982,4.82245415224,0.860207866017,0.509342937059,-0.00472661235755,-0.0242870098407,0.150896737761,-0.0472734330015,0.500775633189,0.0,0.0,0.0
1609056258355727000,2349,1609056258355727000,4.99717191178,10.8384219942,4.87209247965,0.860588299184,0.508477400262,-0.00904613204623,-0.027507821169,0.178170538527,-0.0597158585983,0.516449693686,0.0,0.0,0.0
1609056258455817000,2350,1609056258455817000,5.02099433339,10.8190229021,4.91925237384,0.860982578104,0.507466622106,-0.012575020576,-0.032070180952,0.231242866727,-0.0863302671773,0.523722937199,0.0,0.0,0.0
1609056258555888000,2351,1609056258555888000,5.04214487674,10.8146162702,4.9741807364,0.861520242044,0.506454409462,-0.0136774565509,-0.0331621903229,0.281541174058,-0.103176319568,0.530123523994,0.0,0.0,0.0
1609056258655856000,2352,1609056258655856000,5.07014891789,10.8033213124,5.02910101799,0.862110370757,0.505526345488,-0.0128841424519,-0.0322927472541,0.327805126162,-0.122420211867,0.53623509555,0.0,0.0,0.0
1609056258755853000,2353,1609056258755853000,5.10366801507,10.7895931705,5.08402368847,0.86274053169,0.504536730217,-0.011604858724,-0.0314132152819,0.371526933874,-0.140336533738,0.566503840698,0.0,0.0,0.0
1609056258855960000,2354,1609056258855960000,5.14266246075,10.7725160906,5.13981588386,0.863437440738,0.503468893368,-0.0093129706648,-0.0301351608702,0.410782142711,-0.162239903597,0.565684524685,0.0,0.0,0.0
1609056258955953000,2355,1609056258955953000,5.18421158826,10.7480796003,5.1912793646,0.864087822099,0.502519699788,-0.00741196333255,-0.0277713850111,0.441878793208,-0.184095496095,0.578376640463,0.0,0.0,0.0
1609056259055999000,2356,1609056259055999000,5.22880061752,10.7318133322,5.25052796611,0.864857605474,0.501390575768,-0.00469978784451,-0.024631783907,0.473233531349,-0.19973521557,0.58205735167,0.0,0.0,0.0
1609056259155996000,2357,1609056259155996000,5.27709863539,10.7090223374,5.3095759305,0.865662540762,0.500139125459,-0.00207326464374,-0.0220209509328,0.484700086476,-0.211424611805,0.596746509239,0.0,0.0,0.0
1609056259255981000,2358,1609056259255981000,5.32075411725,10.6804457847,5.37219096123,0.866415193179,0.499011661238,0.000253257347823,-0.0176638284988,0.493076004513,-0.231410972697,0.597983490385,0.0,0.0,0.0
1609056259356035000,2359,1609056259356035000,5.37002378877,10.659854986,5.43371812184,0.867085260833,0.498049325372,0.0034385961239,-0.00990938942024,0.495459404227,-0.232826091467,0.603610147125,0.0,0.0,0.0
1609056259456073000,2360,1609056259456073000,5.42084971418,10.6345748497,5.49229917154,0.86763591596,0.497149073137,0.00395847416455,-0.00592004204873,0.482747820466,-0.228093339907,0.586214212919,0.0,0.0,0.0
1609056259556128000,2361,1609056259556128000,5.47315128671,10.6004674959,5.54732291081,0.868013824758,0.496501592304,0.00233947575729,-0.00571801734109,0.463318534815,-0.217488915015,0.584492199843,0.0,0.0,0.0
1609056259656123000,2362,1609056259656123000,5.52299226664,10.5780150053,5.60249057696,0.868341310758,0.495867977582,-0.00154445556602,-0.00979446249557,0.461637381509,-0.212566834514,0.577897685573,0.0,0.0,0.0
1609056259756185000,2363,1609056259756185000,5.56819396357,10.5553095988,5.65978220753,0.868574625218,0.495416657617,-0.00428786139996,-0.0110485305831,0.469284192392,-0.207717038337,0.571504618542,0.0,0.0,0.0
1609056259856218000,2364,1609056259856218000,5.61430531075,10.5331730232,5.71595327831,0.868817761555,0.494977680205,-0.00545332612781,-0.0110929950901,0.477978299632,-0.202110946522,0.532269137617,0.0,0.0,0.0
1609056259956207000,2365,1609056259956207000,5.66214977476,10.5122684326,5.76963666834,0.869198049659,0.494313032081,-0.00666698633663,-0.0102434407203,0.488860480674,-0.198674155936,0.513725006249,0.0,0.0,0.0
1609056260056231000,2366,1609056260056231000,5.70975053272,10.4738218508,5.81568314626,0.869920977797,0.493079188215,-0.00718544789254,-0.0076665426453,0.503699616332,-0.201484233613,0.461383147026,0.0,0.0,0.0
1609056260156645000,2367,1609056260156645000,5.75869476166,10.4550551806,5.85974193267,0.871138649063,0.490941145773,-0.00695960004793,-0.00676826882064,0.517325032325,-0.185404926994,0.427268690936,0.0,0.0,0.0
1609056260256309000,2368,1609056260256309000,5.8082979449,10.4343938001,5.8994196445,0.872766072726,0.488076895064,-0.00492334476081,-0.00600728547034,0.521452953869,-0.168769520414,0.402753717681,0.0,0.0,0.0
1609056260356995000,2369,1609056260356995000,5.85640194419,10.4153105701,5.93869960379,0.874708368358,0.48459686497,-0.00311832532466,-0.00643621257691,0.526790945787,-0.157149065802,0.39385568496,0.0,0.0,0.0
1609056260456474000,2370,1609056260456474000,5.90119052093,10.3896673027,5.96346885693,0.876582750812,0.481202244777,-0.000484303305237,-0.00684441743879,0.520238109598,-0.150020584888,0.389661409029,0.0,0.0,0.0
1609056260556417000,2371,1609056260556417000,5.95584140145,10.3775795116,6.00356796363,0.878553044163,0.477572443955,0.000560856521261,-0.00829426345679,0.519349660382,-0.140278044476,0.396158230692,0.0,0.0,0.0
1609056260656489000,2372,1609056260656489000,6.00577416098,10.3523362642,6.04180578549,0.880308328995,0.474298212816,0.00137201352313,-0.00982694255817,0.511168985721,-0.140774392778,0.399046359905,0.0,0.0,0.0
1609056260756425000,2373,1609056260756425000,6.05671768333,10.3395634671,6.08312361784,0.882208455733,0.470694974665,0.000655019736428,-0.0124117850338,0.512985715364,-0.141821396977,0.361622789325,0.0,0.0,0.0
1609056260856479000,2374,1609056260856479000,6.10902451656,10.3147006351,6.11901589467,0.884135172269,0.466873057115,-0.00221016101244,-0.0181565659111,0.524423817732,-0.160201884573,0.340976562196,0.0,0.0,0.0
1609056260956546000,2375,1609056260956546000,6.16241972405,10.300686365,6.15454065525,0.886161983194,0.462868645908,-0.00423542230555,-0.0212512911232,0.54134085383,-0.172288884263,0.328001103798,0.0,0.0,0.0
1609056261056575000,2376,1609056261056575000,6.22505924994,10.2733080994,6.19458596978,0.888083115784,0.459052037636,-0.00617657807611,-0.0232692089293,0.56944886533,-0.198112557184,0.317866104028,0.0,0.0,0.0
1609056261156573000,2377,1609056261156573000,6.28276419603,10.254033129,6.22581690626,0.890237435081,0.454727587931,-0.00879093417218,-0.0249569515535,0.597925796193,-0.212471422023,0.304296516399,0.0,0.0,0.0
1609056261256634000,2378,1609056261256634000,6.34798864631,10.2262654394,6.25715091037,0.892304847466,0.450296100102,-0.0121206439305,-0.0296407053205,0.643299165805,-0.238389351781,0.297215384874,0.0,0.0,0.0
1609056261356638000,2379,1609056261356638000,6.41389689233,10.2027167613,6.2843112895,0.894488042768,0.445757477802,-0.013683736796,-0.031688604839,0.683517895612,-0.257969935914,0.269201873573,0.0,0.0,0.0
1609056261456674000,2380,1609056261456674000,6.4891015066,10.1741828907,6.30867208776,0.896587691594,0.441504951836,-0.0141070210319,-0.0316998540071,0.732049557132,-0.285213896874,0.240787317994,0.0,0.0,0.0
1609056261556722000,2381,1609056261556722000,6.56329853132,10.1456650716,6.33487510525,0.898589788237,0.437453842976,-0.0149230133403,-0.0307868708104,0.776612060275,-0.302500456718,0.254599865339,0.0,0.0,0.0
1609056261656733000,2382,1609056261656733000,6.65030829435,10.1133743601,6.35861515151,0.900366559025,0.433871117136,-0.0144091026194,-0.0298042088563,0.831202844536,-0.319646159119,0.262955668358,0.0,0.0,0.0
1609056261756836000,2383,1609056261756836000,6.73408656303,10.0815999418,6.38387018086,0.902195674551,0.430286808134,-0.0124085450227,-0.0272443678069,0.869863566787,-0.332660556078,0.284313818429,0.0,0.0,0.0
1609056261856899000,2384,1609056261856899000,6.82934384823,10.0411276402,6.4151175871,0.904049215093,0.426480600564,-0.0104518790962,-0.0264588785832,0.917960065809,-0.356180224446,0.293846978775,0.0,0.0,0.0
1609056261956932000,2385,1609056261956932000,6.92280501443,10.005105446,6.44589803944,0.905983922985,0.42254246308,-0.00799694637282,-0.0242290535355,0.954817192894,-0.372679900842,0.296483230834,0.0,0.0,0.0
1609056262056958000,2386,1609056262056958000,7.02227584189,9.9676057587,6.47455327647,0.90782714215,0.418816065456,-0.00434841748455,-0.0205930706198,0.977137892167,-0.379317526562,0.294519063964,0.0,0.0,0.0
1609056262156888000,2387,1609056262156888000,7.1222032084,9.92966987108,6.50544494912,0.909446020498,0.415434137788,-0.000217524873546,-0.0179545438262,0.992156926323,-0.38623023246,0.324577434902,0.0,0.0,0.0
1609056262256919000,2388,1609056262256919000,7.22112008946,9.89025553352,6.54085005574,0.910800544691,0.412515113931,0.00250962266974,-0.0163508520312,0.995718940335,-0.394887934458,0.362337135552,0.0,0.0,0.0
1609056262356933000,2389,1609056262356933000,7.32177080051,9.85135389056,6.57645619416,0.911644181178,0.410786076794,0.0063028667554,-0.0109526210342,0.986148692991,-0.392470032252,0.35871805226,0.0,0.0,0.0
1609056262456990000,2390,1609056262456990000,7.42925068518,9.81106381209,6.61191857186,0.91179629264,0.410475369085,0.00995615007073,-0.00619412454679,0.973029346694,-0.386782500646,0.374260806967,0.0,0.0,0.0
1609056262556984000,2391,1609056262556984000,7.52567519071,9.77344400435,6.64945243278,0.911639765308,0.410783620534,0.0130285038311,0.000116180343107,0.952689141854,-0.382786727151,0.374583513552,0.0,0.0,0.0
1609056262657058000,2392,1609056262657058000,7.62479360793,9.73344025111,6.68671960676,0.911341664787,0.411159500541,0.0170416373532,0.0106685395064,0.918688683604,-0.360874554392,0.390772593239,0.0,0.0,0.0
1609056262757070000,2393,1609056262757070000,7.71328685511,9.70296578522,6.72560829987,0.911098046442,0.411238355419,0.0205771746976,0.0189722082049,0.859960675434,-0.318250914954,0.385918546623,0.0,0.0,0.0
1609056262857084000,2394,1609056262857084000,7.79862175768,9.67585043154,6.76389553097,0.911033656918,0.411086706348,0.0209115635324,0.0242508213888,0.8003145274,-0.268234914881,0.373663666229,0.0,0.0,0.0
1609056262957141000,2395,1609056262957141000,7.87437982532,9.65251979555,6.80187957145,0.911074086637,0.410746475287,0.0201372454539,0.0287373110076,0.73895067644,-0.207442652327,0.360996063935,0.0,0.0,0.0
1609056263057154000,2396,1609056263057154000,7.94264552587,9.63594736013,6.8380298083,0.911230085784,0.410393028439,0.0191996337963,0.0294731578407,0.67670930867,-0.143516381583,0.345545247283,0.0,0.0,0.0
1609056263157195000,2397,1609056263157195000,8.01003641765,9.6232156853,6.87086558092,0.911468228987,0.410052573716,0.0182736761492,0.0273610506917,0.617488719081,-0.0751846951343,0.340390407089,0.0,0.0,0.0
1609056263257191000,2398,1609056263257191000,8.07272206016,9.61568331563,6.90227929223,0.911576847544,0.409971185928,0.0186953382683,0.024530838885,0.565157332527,-0.0186244989488,0.326245993359,0.0,0.0,0.0
1609056263357234000,2399,1609056263357234000,8.12990525615,9.61367171924,6.9332041627,0.911356225287,0.410663511713,0.0191013512458,0.0205048569404,0.510733596042,0.0328605665838,0.301049631267,0.0,0.0,0.0
1609056263457237000,2400,1609056263457237000,8.18321039961,9.61631595603,6.9638673873,0.910775393605,0.412160862807,0.0199936154245,0.0145554428166,0.459298535358,0.0769320308774,0.292973557836,0.0,0.0,0.0
1609056263557340000,2401,1609056263557340000,8.23719645362,9.61596427453,6.99537572423,0.909628782427,0.414866655174,0.0197031807242,0.00853939549306,0.410105198494,0.105475630456,0.266355725642,0.0,0.0,0.0
1609056263657327000,2402,1609056263657327000,8.28776663951,9.61586914641,7.02604736668,0.907336440117,0.41997166291,0.0188202101926,0.00319162596345,0.367632041664,0.124335629971,0.197362103937,0.0,0.0,0.0
1609056263757339000,2403,1609056263757339000,8.35023662749,9.61023811912,7.04808798053,0.902756443524,0.429816129784,0.0169911590448,-0.000445833438149,0.333767784183,0.133561016758,0.139611493322,0.0,0.0,0.0
1609056263857359000,2404,1609056263857359000,8.38960059421,9.62129177323,7.06435447939,0.897265497588,0.441331503867,0.0118146174913,0.00124311990633,0.312035766906,0.139869261457,0.107356490962,0.0,0.0,0.0
1609056263957414000,2405,1609056263957414000,8.43443492523,9.62664171319,7.0836278604,0.892119676679,0.451675319741,0.0105708514932,-0.000380943863469,0.294923828332,0.155057941636,0.108111381081,0.0,0.0,0.0
1609056264057482000,2406,1609056264057482000,8.47138022145,9.63839811778,7.09922036846,0.885766015429,0.464011066685,0.0104447213985,-0.00178988818762,0.275479378036,0.168262254412,0.111369118873,0.0,0.0,0.0
1609056264157366000,2407,1609056264157366000,8.48277057363,9.66034214601,7.10936909188,0.880516382715,0.473924674695,0.00857142181072,-0.00358234737406,0.290957584546,0.146836109293,0.0638641988695,0.0,0.0,0.0
1609056264257431000,2408,1609056264257431000,8.49515993218,9.68488108241,7.11223864683,0.879466100088,0.475891785323,0.00717390177938,-0.00386297703341,0.30050809276,0.154120716696,0.0920100682654,0.0,0.0,0.0
1609056264357527000,2409,1609056264357527000,8.49557849739,9.71559693089,7.11334066468,0.879186170418,0.476360571955,0.00944348692626,-0.00480663998436,0.277855814913,0.174693491957,0.0983705528183,0.0,0.0,0.0
1609056264457594000,2410,1609056264457594000,8.52233912071,9.73390950375,7.12301158089,0.879362298266,0.475921694564,0.0132968061681,-0.00660938556832,0.263095156221,0.181203149621,0.107520578982,0.0,0.0,0.0
1609056264557588000,2411,1609056264557588000,8.53637285742,9.757403665,7.12903196701,0.879449213808,0.475625315746,0.0163669329004,-0.00904228184933,0.236369403168,0.184397187541,0.0962395450725,0.0,0.0,0.0
1609056264657719000,2412,1609056264657719000,8.54321292601,9.78257344563,7.13438613204,0.879436202337,0.475557202998,0.0179546820126,-0.0107211049212,0.20713340415,0.178782381323,0.0875907109044,0.0,0.0,0.0
1609056264757654000,2413,1609056264757654000,8.54530711198,9.8076740167,7.13899815447,0.879381499136,0.475606656963,0.0189402392482,-0.011302838858,0.175988612585,0.173218432696,0.0694771578097,0.0,0.0,0.0
1609056264857771000,2414,1609056264857771000,8.49931626539,9.85662091463,7.12438595084,0.879341839979,0.475742352959,0.0174413557551,-0.0110878840562,0.118763401442,0.183760589468,-0.00244809835964,0.0,0.0,0.0
1609056264958216000,2415,1609056264958216000,8.51225328821,9.87487616747,7.12477823106,0.879257976782,0.475801928252,0.0192502043872,-0.0121393973449,0.0984744206678,0.177710181979,-0.0296125671274,0.0,0.0,0.0
1609056265057770000,2416,1609056265057770000,8.52315982913,9.89358348372,7.11563526043,0.879145259729,0.475851948517,0.0210764848285,-0.0149772218881,0.0811978184538,0.163972949112,-0.0774435816584,0.0,0.0,0.0
1609056265157784000,2417,1609056265157784000,8.53437795694,9.90779905919,7.10689059437,0.879058950112,0.475899220866,0.0221054797579,-0.0169304923673,0.0633428123954,0.143263132916,-0.110828788755,0.0,0.0,0.0
1609056265257804000,2418,1609056265257804000,8.54277234438,9.91986250921,7.0978957503,0.878948016688,0.476032910218,0.02342269912,-0.0171589485274,0.0382998635047,0.120262028486,-0.136298308111,0.0,0.0,0.0
1609056265358212000,2419,1609056265358212000,8.5568034314,9.92745446209,7.09240498385,0.878876553656,0.476196537939,0.0220934156294,-0.0180205902849,0.0201496630124,0.0928494149975,-0.206271132245,0.0,0.0,0.0
1609056265457803000,2420,1609056265457803000,8.57140430002,9.93196649965,7.08666485822,0.878807974878,0.476436912542,0.0209366660368,-0.0163115809346,0.00309556165642,0.0699275112133,-0.204843642032,0.0,0.0,0.0
1609056265557847000,2421,1609056265557847000,8.57710609151,9.93755313878,7.07276096228,0.878868482888,0.476399217464,0.0190275612696,-0.0164902182738,-0.00597160822616,0.0490147948067,-0.225824338941,0.0,0.0,0.0
1609056265657950000,2422,1609056265657950000,8.5794130626,9.94377889805,7.05265323824,0.878851410428,0.476569639406,0.0170298276008,-0.0145451763994,-0.0174894451255,0.0358391147143,-0.25090590273,0.0,0.0,0.0
1609056265757901000,2423,1609056265757901000,8.58334167845,9.94683492399,7.02766112907,0.878836244831,0.476684850471,0.015102759321,-0.0137954617047,-0.0294461320433,0.02616682487,-0.258594018459,0.0,0.0,0.0
1609056265857979000,2424,1609056265857979000,8.58689033814,9.94997027072,7.00081105508,0.878816623742,0.476762259451,0.0144712809523,-0.0130258138187,-0.0353418396906,0.0211369227162,-0.25157970345,0.0,0.0,0.0
1609056265957963000,2425,1609056265957963000,8.58969453902,9.95323359563,6.97804694641,0.878792198011,0.476819164846,0.0145171482324,-0.0125303294884,-0.0435250424819,0.0157510627136,-0.249147349459,0.0,0.0,0.0
1609056266058032000,2426,1609056266058032000,8.58689401391,9.95340478268,6.94548813037,0.878747595479,0.476818325849,0.0154620867054,-0.0144177477048,-0.0516355630139,0.00929136756353,-0.203226468054,0.0,0.0,0.0
1609056266158017000,2427,1609056266158017000,8.58771101056,9.95472276803,6.92758984367,0.878820642676,0.476706437753,0.0149509461401,-0.0142027962234,-0.0637727317128,-0.00474087129133,-0.22264351121,0.0,0.0,0.0
1609056266258052000,2428,1609056266258052000,8.59387237007,9.95671374671,6.92314894547,0.878909785416,0.476651970349,0.0125869966636,-0.0127301129931,-0.0731379375368,-0.00828094159273,-0.203201090412,0.0,0.0,0.0
1609056266358288000,2429,1609056266358288000,8.59112525567,9.95537463714,6.90636188069,0.878935108883,0.476664841441,0.011047940243,-0.0119015260904,-0.0802915796271,-0.00989584249472,-0.198540887455,0.0,0.0,0.0
1609056266458103000,2430,1609056266458103000,8.58654010619,9.95480926447,6.88963560515,0.878878528385,0.476805587953,0.0097556811316,-0.0115667768239,-0.0853584735173,-0.00825348226304,-0.18172788668,0.0,0.0,0.0
1609056266558163000,2431,1609056266558163000,8.59473841284,9.96373236738,6.87352497764,0.878940689787,0.476690336242,0.00907298485804,-0.0121354075369,-0.0801087997245,-0.000577966022482,-0.194757909374,0.0,0.0,0.0
1609056266658152000,2432,1609056266658152000,8.59071537778,9.96271521315,6.84989477118,0.878896059585,0.476786732513,0.00854834983096,-0.0119605125162,-0.0804784611712,-0.000818589428821,-0.213613829204,0.0,0.0,0.0
1609056266758250000,2433,1609056266758250000,8.58658260885,9.96131872368,6.82552691764,0.878810128883,0.47693904889,0.00921030798738,-0.0117077428591,-0.0809474644295,-0.000185618508827,-0.234543953823,0.0,0.0,0.0
1609056266858294000,2434,1609056266858294000,8.58417001959,9.95992342134,6.8016873111,0.878667619252,0.477201091866,0.00874989765121,-0.0120736113487,-0.0874691284679,0.00285898028449,-0.261570216313,0.0,0.0,0.0
1609056266958321000,2435,1609056266958321000,8.58243389553,9.9583525984,6.7790750282,0.87854856776,0.477410409393,0.0077735641747,-0.0130876579274,-0.0860026064055,0.00482028690895,-0.269792908474,0.0,0.0,0.0
1609056267058349000,2436,1609056267058349000,8.57890502285,9.95688920156,6.74962155627,0.87848478728,0.477512068454,0.00767737415883,-0.0137025882709,-0.0871841191502,0.00734919411866,-0.282087498019,0.0,0.0,0.0
1609056267158325000,2437,1609056267158325000,8.57642291343,9.95774026668,6.72021857137,0.878469604604,0.477528029989,0.00756012671125,-0.0141767007923,-0.0812676698755,0.00500959518132,-0.29548435596,0.0,0.0,0.0
1609056267258371000,2438,1609056267258371000,8.57400449061,9.95814700314,6.69358391367,0.878575029349,0.477355556387,0.00710423871821,-0.0136791952778,-0.0791865789864,0.00286594454876,-0.336596598398,0.0,0.0,0.0
1609056267358444000,2439,1609056267358444000,8.57017741076,9.95652330803,6.65973929447,0.878509301943,0.477498063908,0.00774279475101,-0.012532138382,-0.0767963198822,0.0053926673845,-0.343354348947,0.0,0.0,0.0
1609056267458412000,2440,1609056267458412000,8.56598922036,9.95431575678,6.62128696289,0.87838181142,0.477714077041,0.00859673019989,-0.0126787299457,-0.0743549753668,0.0047467511352,-0.3415800093,0.0,0.0,0.0
1609056267558493000,2441,1609056267558493000,8.56159999007,9.95463503399,6.58552800722,0.878455893005,0.477577240757,0.00855266336716,-0.0127308721512,-0.0712538398341,0.0038642775603,-0.382314606915,0.0,0.0,0.0
1609056267658529000,2442,1609056267658529000,8.56004649769,9.95325772439,6.54557894599,0.878331153426,0.477787125018,0.00854767349661,-0.0134456448737,-0.0723426589438,0.00720469583694,-0.403126057409,0.0,0.0,0.0
1609056267758588000,2443,1609056267758588000,8.55700308486,9.9485764058,6.50087509028,0.878179898343,0.478013909159,0.0103004431249,-0.0140238963663,-0.058852061048,-0.00605407219172,-0.369922685763,0.0,0.0,0.0
1609056267858535000,2444,1609056267858535000,8.57545530873,9.94995554178,6.46887157906,0.878306328806,0.477739478385,0.0114923385531,-0.0145227314072,-0.0464147780234,-0.0199958902278,-0.382351966385,0.0,0.0,0.0
1609056267958588000,2445,1609056267958588000,8.5746230589,9.94295894372,6.4444678253,0.878144661937,0.478034088818,0.0121545040174,-0.014058117668,-0.0551815615899,-0.021966143598,-0.341044277177,0.0,0.0,0.0
1609056268058816000,2446,1609056268058816000,8.56894518172,9.93535039787,6.41136403487,0.87807915067,0.478064578213,0.0141994041786,-0.0151539149342,-0.0626077600706,-0.0283054481469,-0.289576135866,0.0,0.0,0.0
1609056268158619000,2447,1609056268158619000,8.56261959007,9.93497232647,6.38043747865,0.87833451692,0.477654290101,0.0136480010235,-0.0137327201622,-0.0702825675661,-0.0420680433902,-0.351260183118,0.0,0.0,0.0
1609056268258671000,2448,1609056268258671000,8.56647079447,9.93656531276,6.34846225928,0.878341905526,0.477694579421,0.0121911840697,-0.0132197133282,-0.0817368030542,-0.0413704065064,-0.320465598728,0.0,0.0,0.0
1609056268358685000,2449,1609056268358685000,8.56103924507,9.92963670281,6.31762787387,0.878506084868,0.477451638338,0.00961339397288,-0.0132126664243,-0.0815611645675,-0.0483599163031,-0.330516944928,0.0,0.0,0.0
1609056268459234000,2450,1609056268459234000,8.55435799681,9.92094975639,6.28127196986,0.878639735626,0.477296677041,0.00636323888568,-0.0118155091091,-0.0868896667491,-0.0422504051774,-0.375960999529,0.0,0.0,0.0
1609056268558739000,2451,1609056268558739000,8.54643551783,9.91068864716,6.24353280982,0.878505664237,0.477568943572,0.00664589095274,-0.0105609740148,-0.0839057315693,-0.0387055494145,-0.347459619746,0.0,0.0,0.0
1609056268658778000,2452,1609056268658778000,8.53851814205,9.90376843705,6.20806489807,0.878530699263,0.477542405592,0.00690245039345,-0.0094560822879,-0.081338751564,-0.0305119847412,-0.326529352557,0.0,0.0,0.0
1609056268758818000,2453,1609056268758818000,8.53114173487,9.89981428525,6.17752956271,0.878414761724,0.477756937173,0.00806007457726,-0.00841727780218,-0.0804636215811,-0.0238768380412,-0.268923315524,0.0,0.0,0.0
1609056268858841000,2454,1609056268858841000,8.53647826503,9.90099064866,6.15349007378,0.878305975345,0.477938408072,0.00897674789908,-0.00853872122091,-0.0749670558104,-0.00908175342265,-0.241057765272,0.0,0.0,0.0
1609056268958854000,2455,1609056268958854000,8.53161953848,9.90240107818,6.130131824,0.878368081559,0.477831762936,0.00952877420487,-0.00745131460567,-0.0809296320547,-0.000467021789214,-0.232298490362,0.0,0.0,0.0
1609056269058881000,2456,1609056269058881000,8.52745751428,9.9025448512,6.11084757609,0.878351776774,0.477845594114,0.00915788509268,-0.00882482658382,-0.0910525381923,0.0127208502152,-0.158713149928,0.0,0.0,0.0
1609056269158879000,2457,1609056269158879000,8.52409422745,9.90452864355,6.09877387506,0.87845332206,0.477634229893,0.00817648379626,-0.0108834052157,-0.0922130714375,0.0178926714029,-0.120256820868,0.0,0.0,0.0
1609056269258937000,2458,1609056269258937000,8.5162953832,9.90784634627,6.08772787942,0.878727410189,0.477109162771,0.00576128525588,-0.0131069819381,-0.0916898441901,0.0215752790781,-0.128267609881,0.0,0.0,0.0
1609056269358991000,2459,1609056269358991000,8.50859492969,9.91090236485,6.07331679931,0.878759818345,0.477054333534,0.00411977325249,-0.0135414913503,-0.084452892086,0.0258348861806,-0.119188980928,0.0,0.0,0.0
1609056269459009000,2460,1609056269459009000,8.50601359932,9.90166293868,6.05750309518,0.877321569326,0.479684680494,0.00328942077214,-0.0140943607712,-0.100905696069,0.0392927852302,-0.0879508567216,0.0,0.0,0.0
1609056269559007000,2461,1609056269559007000,8.50316944312,9.88329707906,6.04599002489,0.874027281509,0.485662205858,0.00347469157467,-0.0140164010402,-0.10190104848,0.0359633369951,-0.0538664553476,0.0,0.0,0.0
1609056269659070000,2462,1609056269659070000,8.50111452004,9.87174063988,6.04376309688,0.869168049948,0.494295599604,0.00354176640849,-0.0143602594535,-0.111704643811,0.039024437157,-0.0223254896464,0.0,0.0,0.0
1609056269759092000,2463,1609056269759092000,8.50974182891,9.87148903516,6.03148179039,0.861908734333,0.5067983258,0.00476638022503,-0.015686690733,-0.114236989814,0.0457604198682,0.0183596425498,0.0,0.0,0.0
1609056269859179000,2464,1609056269859179000,8.50783549113,9.87999972997,6.02712259632,0.853684655768,0.520549141642,0.00447685153999,-0.0152005737443,-0.105321142419,0.0439841867494,0.031008778903,0.0,0.0,0.0
1609056269959124000,2465,1609056269959124000,8.49694361663,9.88628901952,6.01872593749,0.845271411861,0.534088288388,0.00471872280738,-0.0156100657648,-0.0957623357596,0.0359771018891,0.0196883464701,0.0,0.0,0.0
1609056270059161000,2466,1609056270059161000,8.49404271383,9.89873736564,6.00098590903,0.837212036595,0.546672485545,0.00560788021962,-0.0139194471206,-0.097022064769,0.0373195386883,0.00786997360422,0.0,0.0,0.0
1609056270159223000,2467,1609056270159223000,8.48234273216,9.91122325889,5.98673750891,0.828840232715,0.559286392274,0.0061847480511,-0.0135775160231,-0.106845768028,0.0425301686769,-0.00423194030394,0.0,0.0,0.0
1609056270259263000,2468,1609056270259263000,8.4636356316,9.929147359,5.97734512817,0.81997415221,0.572202939535,0.00678257925311,-0.0134232005941,-0.114319934959,0.0448758934058,-0.0284878878896,0.0,0.0,0.0
1609056270359271000,2469,1609056270359271000,8.43600470706,9.94664839827,5.97353295611,0.810981959008,0.584917273124,0.00604147153082,-0.0119810845413,-0.123849477573,0.051889711101,-0.0319559711699,0.0,0.0,0.0
1609056270459308000,2470,1609056270459308000,8.41536648523,9.96249731549,5.97518060113,0.801258128236,0.598174772646,0.00454198451894,-0.0123176167763,-0.152916147133,0.0666207311478,-0.0278912711581,0.0,0.0,0.0
1609056270559339000,2471,1609056270559339000,8.39724692005,9.97045872874,5.97502970389,0.789337897,0.613796086415,0.00370916539565,-0.0136488370504,-0.168365474998,0.0699493961,-0.0257689103501,0.0,0.0,0.0
1609056270659349000,2472,1609056270659349000,8.38004443004,9.9764011185,5.96982755164,0.776105014445,0.630404325488,0.00307139033972,-0.0155550480559,-0.171247990384,0.0678510444635,-0.0333296051006,0.0,0.0,0.0
1609056270759362000,2473,1609056270759362000,8.3635094768,9.98056455006,5.96875166555,0.76121540308,0.648293849028,0.00472979901706,-0.0156148784081,-0.174215186712,0.0581334086234,-0.0226105698489,0.0,0.0,0.0
1609056270859410000,2474,1609056270859410000,8.34884467127,9.98474611779,5.96307307912,0.745781820921,0.665993809233,0.00643120252254,-0.0148445707689,-0.17009306409,0.0452735122431,-0.0484097224023,0.0,0.0,0.0
1609056270959404000,2475,1609056270959404000,8.32964532054,9.98709256541,5.95912368273,0.729756093978,0.683538190464,0.00868267033909,-0.0124978684134,-0.181764058741,0.0356552450415,-0.0438437705276,0.0,0.0,0.0
1609056271059464000,2476,1609056271059464000,8.3126463333,9.99108344362,5.95468338223,0.713274387534,0.700719866435,0.00987456424825,-0.0115676208392,-0.191160071362,0.0248883639399,-0.0344990682908,0.0,0.0,0.0
1609056271159513000,2477,1609056271159513000,8.29297131653,9.99418310762,5.95200468179,0.696959174114,0.716958895557,0.0100147050703,-0.0108423882035,-0.196218487525,0.0167805663694,-0.0358075093834,0.0,0.0,0.0
1609056271259512000,2478,1609056271259512000,8.27241794485,9.99581949879,5.95001929976,0.681180238538,0.731984602611,0.00943954949293,-0.0101449037194,-0.200911913404,0.00946796752152,-0.0163388591052,0.0,0.0,0.0
1609056271359536000,2479,1609056271359536000,8.25219459659,9.99680443088,5.94882159947,0.666308177081,0.745542457144,0.00904635532843,-0.0108637565842,-0.225232023719,0.00384086111536,-0.000577328362827,0.0,0.0,0.0
1609056271459562000,2480,1609056271459562000,8.22809756463,9.99683195838,5.94947655528,0.650166583672,0.759664172882,0.0083599145547,-0.0111296785556,-0.250476670673,-0.00755237912836,0.00406601017783,0.0,0.0,0.0
1609056271559603000,2481,1609056271559603000,8.20168783674,9.99508059853,5.95139911866,0.633037320269,0.774012846188,0.00906405033485,-0.00925786553277,-0.264088592033,-0.0185190876317,-0.00637065054566,0.0,0.0,0.0
1609056271659639000,2482,1609056271659639000,8.17403711405,9.99313718819,5.94981061095,0.615438045215,0.788087616485,0.0102306415695,-0.00701820619556,-0.284362943598,-0.0279941079268,-0.0359731747769,0.0,0.0,0.0
1609056271759651000,2483,1609056271759651000,8.14371073748,9.9902563216,5.94816425576,0.597874922375,0.801519670464,0.00873829346255,-0.00595292208972,-0.306621294931,-0.0357003580734,-0.0248426241698,0.0,0.0,0.0
1609056271859686000,2484,1609056271859686000,8.11120429256,9.98546815993,5.9466467215,0.580195515185,0.814414284512,0.00753394782235,-0.00676586812346,-0.328352068261,-0.0425743289997,-0.0104038791445,0.0,0.0,0.0
1609056271959715000,2485,1609056271959715000,8.07615943153,9.98050317773,5.94558973598,0.56247388602,0.826743207087,0.00630665111937,-0.00888950121984,-0.347387272849,-0.048244711026,-0.0109089781808,0.0,0.0,0.0
1609056272059749000,2486,1609056272059749000,8.03882434107,9.97480494274,5.94485623776,0.544061893588,0.838959001036,0.00444990296774,-0.011164626761,-0.369310078408,-0.061454617354,0.0084223418346,0.0,0.0,0.0
1609056272159790000,2487,1609056272159790000,8.00179891876,9.96729997767,5.94475240598,0.525524893969,0.850669703585,0.00310513157264,-0.0132287330923,-0.373291131813,-0.0727861243235,0.0159584737789,0.0,0.0,0.0
1609056272259803000,2488,1609056272259803000,7.96437333183,9.95870197319,5.94500711215,0.507403471147,0.861580326788,0.00154478943914,-0.0147875483462,-0.375435854647,-0.0825033601533,0.00174543058775,0.0,0.0,0.0
1609056272359831000,2489,1609056272359831000,7.92801544809,9.94966290393,5.9448460221,0.490230390141,0.87145649535,0.000217719490121,-0.0154173244683,-0.369196708402,-0.0892216862148,-0.00193515367515,0.0,0.0,0.0
1609056272459865000,2490,1609056272459865000,7.89289428126,9.93972850315,5.94508773854,0.474404500871,0.880166287325,-0.000832150026271,-0.0157157162052,-0.353199265197,-0.0888429938151,0.0155485934021,0.0,0.0,0.0
1609056272559899000,2491,1609056272559899000,7.85866021932,9.9294414398,5.94660770684,0.460435497441,0.887561795158,-0.00178390563991,-0.0151667449917,-0.350003654046,-0.0958689846557,0.0237707013173,0.0,0.0,0.0
1609056272659929000,2492,1609056272659929000,7.82547926739,9.91833615042,5.94810295522,0.446471891077,0.894666491558,-0.00311807275395,-0.0149998994784,-0.348836485987,-0.0991950264614,0.0361572757579,0.0,0.0,0.0
1609056272759919000,2493,1609056272759919000,7.79162702293,9.90662267295,5.95041892261,0.4326108893,0.90143747388,-0.00422445431253,-0.0155065511945,-0.350106131531,-0.10737028114,0.0407225688916,0.0,0.0,0.0
1609056272859971000,2494,1609056272859971000,7.75641988631,9.89416171391,5.95401864537,0.418406771246,0.908084474304,-0.00599903988339,-0.0168039526508,-0.345790969696,-0.11479989159,0.0666925016583,0.0,0.0,0.0
1609056272960019000,2495,1609056272960019000,7.72311841011,9.88107042939,5.95998945556,0.404637508041,0.914307826835,-0.00622624311234,-0.0164596103234,-0.336405682355,-0.113107529525,0.0845753986893,0.0,0.0,0.0
1609056273060051000,2496,1609056273060051000,7.69100864179,9.86800763127,5.96665390963,0.390204454473,0.920576277191,-0.00305703604876,-0.0164455499669,-0.334258934694,-0.118506252253,0.079923992754,0.0,0.0,0.0
1609056273160089000,2497,1609056273160089000,7.65728211131,9.8550107347,5.97240710614,0.375134203195,0.92680850055,-0.000173843945253,-0.0173292434725,-0.333362657782,-0.128721661179,0.0686112018577,0.0,0.0,0.0
1609056273260107000,2498,1609056273260107000,7.62563306911,9.84127993249,5.97750041608,0.360264833701,0.932654685133,0.00284940583325,-0.0188777325174,-0.32445075178,-0.140722841951,0.0760740424652,0.0,0.0,0.0
1609056273360100000,2499,1609056273360100000,7.59078636836,9.82691575707,5.98150142449,0.346644851466,0.937770985089,0.00692758480143,-0.0193632395605,-0.320593347772,-0.154360391128,0.0591501348734,0.0,0.0,0.0
1609056273460155000,2500,1609056273460155000,7.55423651638,9.81111528982,5.98482766112,0.334409678446,0.942122196626,0.0108558655985,-0.0214028916133,-0.319480733536,-0.175965533286,0.0374976216399,0.0,0.0,0.0
1609056273560243000,2501,1609056273560243000,7.52007280721,9.79210293167,5.98531955613,0.324141657044,0.945602357061,0.0132391114581,-0.0243535298855,-0.307224310159,-0.203398252829,0.0186423470532,0.0,0.0,0.0
1609056273660227000,2502,1609056273660227000,7.48679197448,9.77113872624,5.98478695088,0.32023046506,0.946868887891,0.0118885403109,-0.0273938131983,-0.279465087445,-0.213483684968,-0.0161168171162,0.0,0.0,0.0
1609056273760288000,2503,1609056273760288000,7.45372754968,9.74707543742,5.98324578414,0.32015068539,0.946877975559,0.00814285047376,-0.0293143656127,-0.261735190838,-0.243148872793,-0.0438221409735,0.0,0.0,0.0
1609056273860301000,2504,1609056273860301000,7.42500900929,9.72189147963,5.98055957002,0.321038824093,0.946596833116,0.00595042550173,-0.0292078995597,-0.246623291235,-0.272167543104,-0.0380575604791,0.0,0.0,0.0
1609056273960323000,2505,1609056273960323000,7.39285081776,9.69081728252,5.98164195733,0.321839532716,0.946382775563,0.00661798680188,-0.0271138257804,-0.236062468101,-0.305847143868,-0.0363583575074,0.0,0.0,0.0
1609056274060402000,2506,1609056274060402000,7.36746506889,9.66006668228,5.98054918496,0.322471921919,0.946273998977,0.00757456232381,-0.0228036058585,-0.2223357815,-0.334789740479,-0.0323599720105,0.0,0.0,0.0
1609056274160421000,2507,1609056274160421000,7.34281855167,9.6258939037,5.97917176828,0.322843496988,0.946248748384,0.00970016417407,-0.0170672039019,-0.222549603449,-0.360040912209,-0.0319195822706,0.0,0.0,0.0
1609056274260456000,2508,1609056274260456000,7.3191077612,9.58995889779,5.97598309147,0.32311057244,0.946189099411,0.0131253960225,-0.0123883054919,-0.231938552854,-0.385877477325,-0.0225454810195,0.0,0.0,0.0
1609056274360412000,2509,1609056274360412000,7.28084835211,9.55030067499,5.97726599891,0.323193609805,0.946114438875,0.0183135646021,-0.00883020299532,-0.265507555863,-0.420359739388,-0.0201638591601,0.0,0.0,0.0
1609056274460451000,2510,1609056274460451000,7.2533895612,9.5052143924,5.97374968928,0.323286859116,0.946040498068,0.0214026678432,-0.00590834550068,-0.295592892873,-0.468821606305,-0.0304378338938,0.0,0.0,0.0
1609056274560525000,2511,1609056274560525000,7.22124965675,9.45660274303,5.97077025308,0.32342553317,0.945950603284,0.0235248902054,-0.00446768185284,-0.327745706272,-0.510645282329,-0.0348421623594,0.0,0.0,0.0
1609056274660542000,2512,1609056274660542000,7.18456340896,9.40368015869,5.96657937184,0.323564695783,0.945903528426,0.0235509364255,-0.00421378066802,-0.364433240724,-0.559477238847,-0.0358098266332,0.0,0.0,0.0
1609056274760516000,2513,1609056274760516000,7.13813727526,9.34664314039,5.96270931577,0.323704818364,0.945917058812,0.0205835393333,-0.00569441171221,-0.395635673005,-0.596503191115,-0.0395653753044,0.0,0.0,0.0
1609056274860559000,2514,1609056274860559000,7.09614340604,9.28550409974,5.95653820591,0.323813736443,0.945924076495,0.0168579847266,-0.00938690303277,-0.41777905081,-0.629674425963,-0.0431026446385,0.0,0.0,0.0
1609056274960603000,2515,1609056274960603000,7.05460619114,9.22127606441,5.94875227451,0.324074964631,0.945819554438,0.0151842603663,-0.0130470678117,-0.430534020207,-0.660240205172,-0.0531948048954,0.0,0.0,0.0
1609056275060643000,2516,1609056275060643000,7.01049552244,9.15250974403,5.94502174499,0.324300441551,0.945724570982,0.0128969564285,-0.0163685052642,-0.430425122699,-0.690326446787,-0.0468048062471,0.0,0.0,0.0
1609056275160689000,2517,1609056275160689000,6.9632583314,9.08062949481,5.94316880753,0.324491082879,0.945650549046,0.0111512551107,-0.0180617200447,-0.427831701402,-0.721173442803,-0.0453257280753,0.0,0.0,0.0
1609056275260756000,2518,1609056275260756000,6.91224296025,9.00475589839,5.93807355122,0.324598461083,0.945608311332,0.00900542285903,-0.0194849419475,-0.419802978147,-0.746845238386,-0.0399574232696,0.0,0.0,0.0
1609056275360720000,2519,1609056275360720000,6.86795847277,8.92849020384,5.93677725438,0.324567576801,0.945667276239,0.00681921328127,-0.0179663315498,-0.410611944657,-0.769704724516,-0.0538380649271,0.0,0.0,0.0
1609056275460757000,2520,1609056275460757000,6.8242671882,8.84878972985,5.93709014489,0.32450783687,0.945769226988,0.00452419268009,-0.0139558150324,-0.402431768613,-0.782167839591,-0.0566293667289,0.0,0.0,0.0
1609056275560854000,2521,1609056275560854000,6.78302434279,8.76981286936,5.9332458114,0.324472566902,0.945829252441,0.00158246096147,-0.0110487271988,-0.400387981128,-0.786118556724,-0.0606101332517,0.0,0.0,0.0
1609056275660786000,2522,1609056275660786000,6.73878229375,8.68462200178,5.92813049379,0.32438915656,0.945891144256,-0.000565771078442,-0.00782931848935,-0.403006775943,-0.789292789079,-0.0729444532481,0.0,0.0,0.0
1609056275760873000,2523,1609056275760873000,6.69484354584,8.60719758173,5.91994396538,0.324196197553,0.945965964179,-0.00244805468732,-0.00626315693242,-0.414375937851,-0.780009132486,-0.0818096653021,0.0,0.0,0.0
1609056275860881000,2524,1609056275860881000,6.64907002626,8.52237601503,5.90615936462,0.323870355646,0.946076243027,-0.00470793843913,-0.0050567211458,-0.428123599926,-0.777155413147,-0.0896524365302,0.0,0.0,0.0
1609056275960901000,2525,1609056275960901000,6.60798014996,8.44889528733,5.89579354626,0.323500487379,0.946188856421,-0.00554266212387,-0.00658494846599,-0.433905998343,-0.753217930979,-0.085349109122,0.0,0.0,0.0
1609056276060924000,2526,1609056276060924000,6.56677994575,8.37631206494,5.88521294335,0.32315413662,0.946281460919,-0.00654109358155,-0.00894509933497,-0.431665914146,-0.732288277064,-0.0917881038341,0.0,0.0,0.0
1609056276161011000,2527,1609056276161011000,6.52663782323,8.29922816028,5.86878232439,0.322943375939,0.946345562559,-0.00574913540261,-0.0102273947844,-0.426374284138,-0.724638015505,-0.110751995025,0.0,0.0,0.0
1609056276261012000,2528,1609056276261012000,6.48157436653,8.22560190752,5.86160052384,0.322735293421,0.946428379088,-0.00505709836723,-0.00946992042484,-0.421626452101,-0.709632692986,-0.0980269571958,0.0,0.0,0.0
1609056276361014000,2529,1609056276361014000,6.43993297595,8.15403863739,5.85492814818,0.322567682323,0.946503387494,-0.00295103142899,-0.00852755514872,-0.41404640272,-0.691152057704,-0.0827663437508,0.0,0.0,0.0
1609056276461048000,2530,1609056276461048000,6.39883699678,8.08529131792,5.84754380219,0.32241745974,0.946574388258,0.0012447333992,-0.00650843968653,-0.418219239221,-0.684411799983,-0.0649823369292,0.0,0.0,0.0
1609056276561086000,2531,1609056276561086000,6.36174608196,8.0172813519,5.84196464476,0.322186422711,0.946646194065,0.00546964627689,-0.00519377055219,-0.429396593041,-0.686744974158,-0.0369118472253,0.0,0.0,0.0
1609056276661169000,2532,1609056276661169000,6.3219057055,7.95058546472,5.83772956633,0.322200891956,0.946621976654,0.00804088556271,-0.00536308655917,-0.442919511319,-0.684265682483,-0.0117276433535,0.0,0.0,0.0
1609056276761115000,2533,1609056276761115000,6.27979168169,7.88365329353,5.83505277356,0.322239974481,0.946562186561,0.0100317118228,-0.00898835791001,-0.456682313049,-0.695975285813,-0.00322797739938,0.0,0.0,0.0
1609056276861211000,2534,1609056276861211000,6.23144769073,7.81360517193,5.83377784296,0.322210973889,0.946526918991,0.0110330857725,-0.0120478607961,-0.458041019785,-0.709499250772,-0.0368832411271,0.0,0.0,0.0
1609056276961191000,2535,1609056276961191000,6.18589158893,7.74601036087,5.82407808446,0.322376626938,0.946462971378,0.0105709930666,-0.0130156951262,-0.464679642634,-0.723612565621,-0.0517464144104,0.0,0.0,0.0
1609056277061276000,2536,1609056277061276000,6.13752883498,7.67142940407,5.81588919545,0.322203927694,0.946504707286,0.0109835063185,-0.0138863477436,-0.46785234028,-0.739427779595,-0.0680953256739,0.0,0.0,0.0
1609056277161281000,2537,1609056277161281000,6.09492835191,7.59891062247,5.80948855906,0.322042325196,0.946543862732,0.0115240362708,-0.0145139000871,-0.465900543724,-0.756833088411,-0.0745175602835,0.0,0.0,0.0
1609056277261291000,2538,1609056277261291000,6.05192024907,7.52375807181,5.80392052214,0.32192816688,0.946574405051,0.0111218161796,-0.0153445846062,-0.463049038543,-0.777343273682,-0.078695344224,0.0,0.0,0.0
1609056277361348000,2539,1609056277361348000,5.99676721108,7.44870640539,5.79724193273,0.322025283382,0.946548293872,0.00869191262762,-0.0164467287448,-0.462328221475,-0.789650906103,-0.0699357778625,0.0,0.0,0.0
1609056277461372000,2540,1609056277461372000,5.95121539215,7.36707813279,5.78934441324,0.32203604759,0.946559901567,0.0081265863483,-0.0158459898243,-0.455056103884,-0.801953480419,-0.0683971858977,0.0,0.0,0.0
1609056277561352000,2541,1609056277561352000,5.90639797162,7.28558500069,5.78245072152,0.321919367038,0.946611980505,0.00747846953627,-0.0154192082663,-0.449394667645,-0.819327629408,-0.0722722199714,0.0,0.0,0.0
1609056277661417000,2542,1609056277661417000,5.8585509217,7.20138155538,5.77628375095,0.321967501824,0.946628677172,0.00742466089771,-0.0132646045677,-0.446543206572,-0.83058904495,-0.108022154001,0.0,0.0,0.0
1609056277761450000,2543,1609056277761450000,5.80193368755,7.12126933428,5.77310728652,0.322395309361,0.946537704528,0.00600534696732,-0.00956944179773,-0.45199826896,-0.831769524748,-0.128225003919,0.0,0.0,0.0
1609056277861478000,2544,1609056277861478000,5.75839395082,7.03816821999,5.75953342721,0.322620946201,0.946488353246,0.00569681389615,-0.00656266360562,-0.462426437481,-0.833121757866,-0.120032699192,0.0,0.0,0.0
1609056277961540000,2545,1609056277961540000,5.71421901007,6.95617827394,5.74638389761,0.322785649441,0.94643977591,0.00504301319017,-0.00597855402728,-0.475477274312,-0.8305581636,-0.10591267711,0.0,0.0,0.0
1609056278061588000,2546,1609056278061588000,5.66009951084,6.88300398874,5.74658247948,0.323007585904,0.946358772813,0.00380872510342,-0.00752769423415,-0.490619521137,-0.823962977727,-0.105482593379,0.0,0.0,0.0
1609056278161547000,2547,1609056278161547000,5.61169436303,6.79991196202,5.73736070267,0.322874116665,0.946407233573,0.00113569907208,-0.00802266889981,-0.493421094827,-0.820770739381,-0.102904625904,0.0,0.0,0.0
1609056278261552000,2548,1609056278261552000,5.56202736937,6.71808182669,5.72897846785,0.322708896496,0.946461303109,-0.00150864623505,-0.00822762585096,-0.495162809835,-0.805753968177,-0.0873202369936,0.0,0.0,0.0
1609056278361640000,2549,1609056278361640000,5.51246453651,6.63937267254,5.7205348938,0.322731244778,0.946450220074,-0.00244879962851,-0.00839809182291,-0.49632752272,-0.785414090169,-0.073377724799,0.0,0.0,0.0
1609056278461648000,2550,1609056278461648000,5.46963284724,6.58271837224,5.71506688305,0.32270961794,0.946458697547,-0.0033029832335,-0.00797035932539,-0.493612371239,-0.761566212536,-0.0754491298209,0.0,0.0,0.0
1609056278561697000,2551,1609056278561697000,5.42094207799,6.50615388845,5.70637026988,0.322827941675,0.946420125849,-0.00396284502207,-0.00744051889093,-0.498569505932,-0.741576114406,-0.0653568415646,0.0,0.0,0.0
1609056278661707000,2552,1609056278661707000,5.3721815201,6.43418699912,5.69856685686,0.32306956383,0.946332168938,-0.00454479920896,-0.00779921528746,-0.502201494964,-0.71909866348,-0.0709903482528,0.0,0.0,0.0
1609056278761798000,2553,1609056278761798000,5.32254964294,6.36361618233,5.69195193252,0.323336754334,0.946244598032,-0.00421474875232,-0.00753258815182,-0.499596807271,-0.699537621174,-0.0553883649495,0.0,0.0,0.0
1609056278861753000,2554,1609056278861753000,5.26786393287,6.29505087952,5.68377240219,0.323547716466,0.946184632523,-0.00237802972217,-0.00677209873903,-0.507314526923,-0.683722107673,-0.050637339862,0.0,0.0,0.0
1609056278961810000,2555,1609056278961810000,5.21794161256,6.22863677703,5.67810072704,0.32355691891,0.946167975959,-0.00427109047822,-0.00767067674206,-0.506481123545,-0.663225581596,-0.0482268132161,0.0,0.0,0.0
1609056279061811000,2556,1609056279061811000,5.16836236236,6.16453869485,5.67413044246,0.323352213256,0.946225251021,-0.00596859282874,-0.00809298537985,-0.507868583636,-0.643892226191,-0.0396462235353,0.0,0.0,0.0
1609056279161853000,2557,1609056279161853000,5.11841161898,6.10204957537,5.66941818396,0.323098356595,0.946299404877,-0.00680016820044,-0.00886825847107,-0.50474478539,-0.620756034358,-0.043496643421,0.0,0.0,0.0
1609056279261896000,2558,1609056279261896000,5.05559141471,6.02555955495,5.66555415609,0.322992495539,0.946335883821,-0.00788895574204,-0.00787446480907,-0.506162316626,-0.602074370549,-0.0699392923704,0.0,0.0,0.0
1609056279361962000,2559,1609056279361962000,5.00369858259,5.96867395305,5.66069778991,0.322890647657,0.946376598577,-0.00781666154018,-0.0072016057074,-0.508463571102,-0.577926107744,-0.0741644034612,0.0,0.0,0.0
1609056279461970000,2560,1609056279461970000,4.95449873539,5.91348877594,5.65116063698,0.322790129542,0.946419308183,-0.00687279079331,-0.00705621112785,-0.508293234442,-0.552025068634,-0.0775443594832,0.0,0.0,0.0
1609056279561975000,2561,1609056279561975000,4.90626632329,5.86062330898,5.64201764904,0.322742371051,0.94644673782,-0.00558853607684,-0.00668600495712,-0.507387333162,-0.523395754794,-0.0668824866395,0.0,0.0,0.0
1609056279662022000,2562,1609056279662022000,4.86320930108,5.8208208993,5.63266650001,0.322571614202,0.946520556921,-0.00321157720371,-0.0060062308669,-0.513406208647,-0.499362077592,-0.0628350671598,0.0,0.0,0.0
1609056279762049000,2563,1609056279762049000,4.81484797458,5.77441654803,5.62525006706,0.322367449614,0.946598555206,-0.00182427438323,-0.00520333878227,-0.517135527755,-0.481524558567,-0.0681649447643,0.0,0.0,0.0
1609056279862061000,2564,1609056279862061000,4.76634055526,5.73132557596,5.62075470268,0.322196743625,0.946659216492,-0.0021842011856,-0.00456240002047,-0.526515061415,-0.464957527052,-0.0403420616428,0.0,0.0,0.0
1609056279962074000,2565,1609056279962074000,4.71694945504,5.68957302429,5.61671369687,0.321904379387,0.946761472034,-0.0017420117613,-0.00415343210268,-0.535926285372,-0.446466640283,-0.0279456128931,0.0,0.0,0.0
1609056280062119000,2566,1609056280062119000,4.66595933734,5.64863639444,5.61373573653,0.321647038853,0.946839189296,-0.00176212907951,-0.00596882841009,-0.546109879006,-0.428388371686,-0.0265950814543,0.0,0.0,0.0
1609056280162238000,2567,1609056280162238000,4.60808349901,5.58931723839,5.60963737644,0.321666132988,0.946812222982,-0.00274515644868,-0.00836525056515,-0.553449148428,-0.419067323785,-0.0273332296263,0.0,0.0,0.0
1609056280262204000,2568,1609056280262204000,4.55172432127,5.54963057941,5.60698690993,0.321585802955,0.946828699089,-0.00125631764336,-0.00981873644228,-0.558566760371,-0.408153966066,-0.0149809678046,0.0,0.0,0.0
1609056280362252000,2569,1609056280362252000,4.49991209918,5.51401933944,5.60502337008,0.321547448096,0.946817662666,-0.00223717704604,-0.011770612763,-0.562448355137,-0.398678936399,-0.011268307959,0.0,0.0,0.0
1609056280462231000,2570,1609056280462231000,4.44668728811,5.4794314791,5.60392300291,0.32142479444,0.946834277824,-0.0035007355473,-0.0133677487433,-0.55724203714,-0.386727742441,-0.0167396892689,0.0,0.0,0.0
1609056280562240000,2571,1609056280562240000,4.4091238944,5.4611372214,5.59890345197,0.321369070345,0.94680647109,-0.00476637103436,-0.0160221295182,-0.544174900124,-0.366950554774,-0.0074213590349,0.0,0.0,0.0
1609056280662304000,2572,1609056280662304000,4.35558297907,5.42600040522,5.59717594932,0.321351694253,0.946684038045,-0.0105693128652,-0.0202659896481,-0.533704811248,-0.354961912417,0.0352659988704,0.0,0.0,0.0
1609056280762307000,2573,1609056280762307000,4.30788241969,5.38333787313,5.60535964681,0.321647094521,0.94638228954,-0.0126314337237,-0.0272792139258,-0.498477790167,-0.333438861996,0.125441566292,0.0,0.0,0.0
1609056280862359000,2574,1609056280862359000,4.26039422778,5.33992514123,5.61858660122,0.321981646509,0.946014780784,-0.0124542072308,-0.035053481593,-0.454143742979,-0.323886790318,0.197081061801,0.0,0.0,0.0
1609056280962343000,2575,1609056280962343000,4.21748874171,5.30729749676,5.63502870106,0.322506581952,0.94561875,-0.0135961612604,-0.0401226699577,-0.389802259845,-0.312470963993,0.212110023763,0.0,0.0,0.0
1609056281062402000,2576,1609056281062402000,4.18276254282,5.28455841156,5.66654837727,0.323057101455,0.945552859222,-0.0142919101955,-0.0368733090346,-0.330462027189,-0.302309215318,0.222070847686,0.0,0.0,0.0
1609056281162460000,2577,1609056281162460000,4.14821799701,5.26817593944,5.69389969958,0.323535045624,0.9455585443,-0.0163232442072,-0.0312676390548,-0.287890671025,-0.276760711648,0.262909170044,0.0,0.0,0.0
1609056281262476000,2578,1609056281262476000,4.11867442343,5.24192487712,5.71971698254,0.323918934224,0.945531005209,-0.0180391403745,-0.0268743679878,-0.254280904067,-0.254368516913,0.297820577073,0.0,0.0,0.0
1609056281362467000,2579,1609056281362467000,4.09403387975,5.21926763209,5.75012881198,0.324074626768,0.945546825197,-0.0194998821586,-0.0231644607386,-0.223413777357,-0.223265905937,0.33770088827,0.0,0.0,0.0
1609056281462521000,2580,1609056281462521000,4.07416811371,5.2186788162,5.78895276486,0.324249831102,0.945538278,-0.020721927868,-0.0197487612842,-0.198526799858,-0.174911487788,0.386146480454,0.0,0.0,0.0
1609056281562598000,2581,1609056281562598000,4.05143884996,5.1957003224,5.82958579676,0.324218595276,0.945600076141,-0.0208113456109,-0.0170201754666,-0.177042185891,-0.13862578571,0.46275329087,0.0,0.0,0.0
1609056281662658000,2582,1609056281662658000,4.0256868698,5.17059112105,5.87615566154,0.324483077203,0.945554508307,-0.0194815218154,-0.0160584786636,-0.165884077207,-0.104118871941,0.501272336068,0.0,0.0,0.0
1609056281762623000,2583,1609056281762623000,3.99846964721,5.14690704335,5.92368814039,0.324571226042,0.945559745738,-0.0179261931837,-0.0157777711727,-0.157973160056,-0.072963211919,0.524559587703,0.0,0.0,0.0
1609056281862670000,2584,1609056281862670000,3.97537424485,5.136119467,5.97361292884,0.324733481255,0.94554055352,-0.0139040533114,-0.0175472249399,-0.149212006942,-0.0513625416327,0.561291806836,0.0,0.0,0.0
1609056281962670000,2585,1609056281962670000,3.95718758187,5.13531930479,6.03008125866,0.325051519899,0.945414128528,-0.0119838365101,-0.0197489911939,-0.131396557799,-0.0297711624777,0.596866847785,0.0,0.0,0.0
1609056282062730000,2586,1609056282062730000,3.94936882494,5.13738213358,6.09203204946,0.325272087413,0.945346541707,-0.00982286646013,-0.020530380595,-0.115292677604,-0.017654016976,0.607290566698,0.0,0.0,0.0
1609056282162730000,2587,1609056282162730000,3.95387121518,5.15270978579,6.15662273575,0.325325545129,0.945347177472,-0.0100464411952,-0.0195210848174,-0.0872732918306,-0.00349523562631,0.569044527476,0.0,0.0,0.0
1609056282262751000,2588,1609056282262751000,3.94888241165,5.15815717311,6.21582353401,0.32514089519,0.945562069238,-0.000590631044567,-0.0139793650853,-0.0768816090718,0.00634799699841,0.558476094643,0.0,0.0,0.0
1609056282362857000,2589,1609056282362857000,3.91996274255,5.16394937918,6.26758882669,0.325033056052,0.945621784444,0.00701070066394,-0.0101883921705,-0.091592782207,-0.000371245755092,0.547622421652,0.0,0.0,0.0
1609056282462824000,2590,1609056282462824000,3.91811148911,5.16634990317,6.32123118476,0.324780072888,0.945681530503,0.0118500777243,-0.00799517215511,-0.106934782549,-0.0228628981826,0.505791342887,0.0,0.0,0.0
1609056282562872000,2591,1609056282562872000,3.90941222089,5.1631960728,6.37010540076,0.324430687917,0.945724269566,0.01780307339,-0.00577799870123,-0.127219559153,-0.0518902140588,0.492511673192,0.0,0.0,0.0
1609056282662877000,2592,1609056282662877000,3.88933188086,5.16716242889,6.4112402308,0.324014994192,0.945784936999,0.0220347267587,-0.0044280131828,-0.152636137464,-0.0850471989916,0.462230007033,0.0,0.0,0.0
1609056282762894000,2593,1609056282762894000,3.87741687574,5.15878917671,6.46109357305,0.323673531673,0.945880940101,0.0232185951713,-0.00236408270835,-0.182283299878,-0.123408707964,0.505056190232,0.0,0.0,0.0
1609056282862947000,2594,1609056282862947000,3.86127258553,5.14379025859,6.51232753429,0.323548151276,0.945915698903,0.0236581620039,-0.000612981032611,-0.217726410284,-0.167114490725,0.521134042923,0.0,0.0,0.0
1609056282962937000,2595,1609056282962937000,3.84058188628,5.12437926951,6.56713188279,0.3235839638,0.945948411067,0.0217813785282,-0.000770403004939,-0.252992236338,-0.209897926912,0.577919631633,0.0,0.0,0.0
1609056283063010000,2596,1609056283063010000,3.8170110097,5.09930806313,6.6272163315,0.323630467454,0.945977608488,0.0196917778054,-0.0013851578533,-0.287260268877,-0.254291653914,0.625586248458,0.0,0.0,0.0
1609056283163050000,2597,1609056283163050000,3.78583814521,5.07079218687,6.6902023849,0.32359488832,0.946064395682,0.0155018118697,-0.00286379194328,-0.316604783781,-0.28811548662,0.601654521687,0.0,0.0,0.0
1609056283263094000,2598,1609056283263094000,3.74880655228,5.04005615807,6.7489567769,0.323497102186,0.946147977498,0.0108823990645,-0.00593320691841,-0.336134052213,-0.311960551328,0.553346166136,0.0,0.0,0.0
1609056283363117000,2599,1609056283363117000,3.72160677778,4.99858542707,6.79573418529,0.32374176542,0.946102982041,0.000194016445827,-0.00896543661857,-0.338079403974,-0.332900169475,0.567158229635,0.0,0.0,0.0
1609056283463104000,2600,1609056283463104000,3.68827558943,4.9630350548,6.85303853017,0.323693676123,0.946010974039,-0.0114514184486,-0.0124300463168,-0.333102704007,-0.329706309077,0.56833441246,0.0,0.0,0.0
1609056283563138000,2601,1609056283563138000,3.65112621181,4.92972079115,6.90805643294,0.323672649901,0.945858008202,-0.0193578503337,-0.0146259240988,-0.315512272471,-0.303552104371,0.547213315508,0.0,0.0,0.0
1609056283663150000,2602,1609056283663150000,3.61888972569,4.89563544555,6.951287773,0.323942966668,0.945650589904,-0.024685006544,-0.0140202215544,-0.286969189251,-0.275710298023,0.449656219535,0.0,0.0,0.0
1609056283763219000,2603,1609056283763219000,3.58427958192,4.87371400266,6.99444255243,0.324027519576,0.945577339374,-0.0270884847419,-0.0124850235767,-0.272379324962,-0.231767271572,0.385110206767,0.0,0.0,0.0
1609056283863247000,2604,1609056283863247000,3.5536656331,4.84977304201,7.02767294817,0.324265143261,0.945444425482,-0.0289412155614,-0.0122213433701,-0.251918314602,-0.185041771351,0.331215049357,0.0,0.0,0.0
1609056283963239000,2605,1609056283963239000,3.52510577956,4.83026809107,7.0518311662,0.324501831752,0.945614348215,-0.0202175139592,-0.0101645348258,-0.232786635207,-0.142344742449,0.248696784971,0.0,0.0,0.0
1609056284063291000,2606,1609056284063291000,3.50274049805,4.81832945188,7.0715407343,0.324647973182,0.945677840655,-0.0147089765952,-0.00898672412919,-0.228552567826,-0.123782852436,0.151244898856,0.0,0.0,0.0
1609056284163341000,2607,1609056284163341000,3.48329906201,4.80533408421,7.08345374305,0.32475332331,0.945723908226,-0.00869460233486,-0.00812233331817,-0.22596964173,-0.106856274383,0.0941586123401,0.0,0.0,0.0
1609056284263394000,2608,1609056284263394000,3.46275399354,4.79369431108,7.09164222029,0.324750015922,0.945768514772,-0.00305590087976,-0.00707142806106,-0.225167126318,-0.0983459488657,0.0549448730212,0.0,0.0,0.0
1609056284363370000,2609,1609056284363370000,3.44286436249,4.78593880196,7.09253218598,0.324664383469,0.945811316665,0.00392839949835,-0.00430802177988,-0.232067120399,-0.100907455976,0.0240626084718,0.0,0.0,0.0
1609056284463409000,2610,1609056284463409000,3.42117350448,4.77501136783,7.09660670397,0.324579770089,0.94579015612,0.01133323933,-0.000714927125988,-0.24793122958,-0.108741175129,0.00577642633885,0.0,0.0,0.0
1609056284563453000,2611,1609056284563453000,3.40018823906,4.7612650548,7.09423588966,0.32436728628,0.94579461676,0.0160399243851,0.00106175551123,-0.283133839446,-0.135554974046,0.0153966909394,0.0,0.0,0.0
1609056284663479000,2612,1609056284663479000,3.37985928142,4.74257370352,7.08982683766,0.324263966794,0.945781839852,0.0186958490881,0.000237639445326,-0.312623104817,-0.165605911145,0.0181185577512,0.0,0.0,0.0
1609056284763506000,2613,1609056284763506000,3.35108947984,4.72430744292,7.08790047159,0.324321593377,0.945737855571,0.0196808043398,-0.00284227908364,-0.343507171536,-0.199664017854,0.0400798114875,0.0,0.0,0.0
1609056284863557000,2614,1609056284863557000,3.32152512242,4.70432365149,7.09010236233,0.323399097908,0.946062521953,0.0187387375378,-0.00525240363634,-0.376698235203,-0.249679925602,0.0435018500801,0.0,0.0,0.0
1609056284963582000,2615,1609056284963582000,3.28282493179,4.68113919231,7.1019663637,0.32120967561,0.94685190269,0.0158752794166,-0.00661771642745,-0.397826021682,-0.280407438868,0.0523564117595,0.0,0.0,0.0
1609056285063579000,2616,1609056285063579000,3.23360997441,4.65319515378,7.11524215372,0.318756504839,0.947757496444,0.0101578715599,-0.00684369795244,-0.415627502241,-0.29702976705,0.0523478836643,0.0,0.0,0.0
1609056285163630000,2617,1609056285163630000,3.19760294372,4.61654630467,7.11685947906,0.318458428057,0.947899169131,0.00605126706043,-0.00589719660788,-0.421909418195,-0.29845409059,0.0589509924527,0.0,0.0,0.0
1609056285263631000,2618,1609056285263631000,3.14771588695,4.58260339408,7.11841956009,0.318698822026,0.947832242075,0.00434097567171,-0.00512422222844,-0.44265062282,-0.303986065306,0.07493554272,0.0,0.0,0.0
1609056285363656000,2619,1609056285363656000,3.10478603981,4.55066934216,7.11826336857,0.318806605582,0.947784121994,0.00382758245272,-0.00727708361673,-0.456783641893,-0.306662869537,0.088751278258,0.0,0.0,0.0
1609056285463734000,2620,1609056285463734000,3.06086267335,4.52023178295,7.1240470201,0.318822822103,0.947754297568,0.00465818916769,-0.00959691732197,-0.461238500228,-0.313442870228,0.0714417268375,0.0,0.0,0.0
1609056285563712000,2621,1609056285563712000,3.0164507551,4.48673987716,7.13409170643,0.318138354046,0.947955979605,0.00449475754999,-0.0121344785941,-0.471988101746,-0.336447324351,0.0530143989051,0.0,0.0,0.0
1609056285663756000,2622,1609056285663756000,2.97247381115,4.45209923327,7.14079215826,0.314168901404,0.949269991149,0.000225290415146,-0.0135769856093,-0.478725211992,-0.358796314216,0.0414123379172,0.0,0.0,0.0
1609056285763833000,2623,1609056285763833000,2.92546882933,4.41663863219,7.14681532143,0.308820212735,0.950992748019,-0.00604616826489,-0.0143636092372,-0.472219107526,-0.358209334626,0.0363621642668,0.0,0.0,0.0
1609056285863822000,2624,1609056285863822000,2.88614636847,4.37034375394,7.14670874624,0.303233008623,0.95275243607,-0.0100818245894,-0.0145222193974,-0.45483774706,-0.353918628579,0.0500463922969,0.0,0.0,0.0
1609056285963857000,2625,1609056285963857000,2.84167936092,4.33619875103,7.1506007519,0.297094531337,0.95464255826,-0.0128292935298,-0.0150941921446,-0.439817103465,-0.333892041057,0.0227165709139,0.0,0.0,0.0
1609056286063890000,2626,1609056286063890000,2.79893272159,4.30174119752,7.14379668809,0.29256207397,0.956006917129,-0.0154904080246,-0.0147734402089,-0.414314234557,-0.296127829407,-0.00655125826373,0.0,0.0,0.0
1609056286163966000,2627,1609056286163966000,2.7551744165,4.27286895667,7.14132735334,0.291268781719,0.956372054758,-0.0171568435364,-0.0148536996722,-0.389429024454,-0.257302941434,-0.0438917854174,0.0,0.0,0.0
1609056286263938000,2628,1609056286263938000,2.72037027156,4.24636720434,7.13381445799,0.291221195962,0.956507776767,-0.0102682348705,-0.0133285917738,-0.369539526881,-0.233395818224,-0.0926447155081,0.0,0.0,0.0
1609056286363956000,2629,1609056286363956000,2.68512847999,4.22405429558,7.12263596697,0.291570283473,0.956472499147,-0.00179640368698,-0.0119958786936,-0.359158993225,-0.225130045237,-0.165667345976,0.0,0.0,0.0
1609056286463993000,2630,1609056286463993000,2.64633986813,4.19756206082,7.10518595171,0.291886986863,0.956386898396,0.00491016963233,-0.0100984013743,-0.36584202041,-0.242797155575,-0.231738188155,0.0,0.0,0.0
1609056286564038000,2631,1609056286564038000,2.60973856641,4.17012105618,7.07949946186,0.292007110834,0.956325587882,0.00862926199106,-0.00993745547415,-0.37204402184,-0.264514273861,-0.26419480056,0.0,0.0,0.0
1609056286664056000,2632,1609056286664056000,2.57532325861,4.12642942782,7.04637518901,0.291728771346,0.9563667151,0.0129537689461,-0.00944616791917,-0.37491860494,-0.300680108762,-0.311864311673,0.0,0.0,0.0
1609056286764080000,2633,1609056286764080000,2.53689188352,4.09573878319,7.01421772842,0.2911717747,0.956484892552,0.0168812510168,-0.00840662251962,-0.389877515241,-0.335241520669,-0.304006143682,0.0,0.0,0.0
1609056286864120000,2634,1609056286864120000,2.50574144645,4.06288125518,6.98598780017,0.290782806517,0.956546431542,0.0169661444761,-0.0132828340385,-0.391524268646,-0.37385722621,-0.172878988654,0.0,0.0,0.0
1609056286964519000,2635,1609056286964519000,2.46594772788,4.02110702496,6.97096168514,0.290483290499,0.956627444138,0.0165374975413,-0.0144880032156,-0.389135729967,-0.420028618199,-0.123119021723,0.0,0.0,0.0
1609056287064182000,2636,1609056287064182000,2.41274338426,3.97194204202,6.96783111027,0.290550831746,0.956702936613,0.0124524538041,-0.0120267053698,-0.395979489429,-0.46286248332,-0.16399660449,0.0,0.0,0.0
1609056287164758000,2637,1609056287164758000,2.36414264491,3.90222423611,6.95154837538,0.290742336383,0.956745995695,0.00592751873907,-0.00841772398482,-0.403323558282,-0.494579131275,-0.189219153332,0.0,0.0,0.0
1609056287264288000,2638,1609056287264288000,2.32964965972,3.85378105872,6.92984077107,0.290822913364,0.956753481761,0.00179845927243,-0.00644777053534,-0.403225694306,-0.499701663201,-0.1926498931,0.0,0.0,0.0
1609056287364248000,2639,1609056287364248000,2.29362034677,3.78784121559,6.90688001378,0.290914243123,0.956727983912,-0.000365899452269,-0.00635091053876,-0.410018477551,-0.517339674661,-0.204433015944,0.0,0.0,0.0
1609056287464300000,2640,1609056287464300000,2.25765721848,3.73756077626,6.88293025709,0.29112485339,0.956627993828,-0.00591886891024,-0.00861209346335,-0.408337042009,-0.516790043198,-0.208594574382,0.0,0.0,0.0
1609056287564535000,2641,1609056287564535000,2.21504870032,3.68552596991,6.8624775594,0.291255053578,0.956451255639,-0.0153858712595,-0.0116088034111,-0.399849998613,-0.504820732607,-0.226802823288,0.0,0.0,0.0
1609056287664385000,2642,1609056287664385000,2.19109655538,3.63080673241,6.83955091298,0.291207531724,0.956379391033,-0.0189683184693,-0.0132979986862,-0.369275786815,-0.468088912687,-0.226844520876,0.0,0.0,0.0
1609056287764407000,2643,1609056287764407000,2.16387439863,3.5875579898,6.8139912394,0.291319928276,0.956384771682,-0.0158653077698,-0.0144623612917,-0.347758414518,-0.437737460905,-0.189650787508,0.0,0.0,0.0
1609056287864986000,2644,1609056287864986000,2.13359229149,3.53766288574,6.79314468724,0.291365513054,0.956233763904,-0.0144526715559,-0.0226770116596,-0.318560324566,-0.423146596603,-0.184170047437,0.0,0.0,0.0
1609056287964491000,2645,1609056287964491000,2.09467672722,3.49358286612,6.77606299883,0.291505040835,0.955990289949,-0.0177883804725,-0.0281238370439,-0.281816909673,-0.412546736779,-0.232352787806,0.0,0.0,0.0
1609056288064444000,2646,1609056288064444000,2.0623604437,3.44910464606,6.75661699118,0.291578905303,0.955845410056,-0.0195071323709,-0.0309962230551,-0.240943341784,-0.393802014911,-0.230469133235,0.0,0.0,0.0
1609056288164489000,2647,1609056288164489000,2.03680792873,3.40698890844,6.73830376735,0.291649994509,0.955835817473,-0.0186843788452,-0.0311298044543,-0.1868203805,-0.376876803072,-0.265162848896,0.0,0.0,0.0
1609056288265109000,2648,1609056288265109000,2.01592063812,3.36890388536,6.71324926077,0.291625735623,0.956099327953,-0.0152198872246,-0.0244307274471,-0.141636594563,-0.356613110282,-0.277400092081,0.0,0.0,0.0
1609056288364987000,2649,1609056288364987000,2.00303046623,3.33416445611,6.6850977642,0.29159675563,0.956310164534,-0.00922473450214,-0.0188972376047,-0.116192072493,-0.342174196583,-0.274498394217,0.0,0.0,0.0
1609056288464642000,2650,1609056288464642000,1.99610418488,3.30151281999,6.6568633207,0.291582037484,0.956428971198,-0.00218176438559,-0.0147911586641,-0.10240527768,-0.341510257064,-0.26693067876,0.0,0.0,0.0
1609056288564854000,2651,1609056288564854000,1.98929527883,3.26855071095,6.62936734412,0.29168829874,0.956424993393,0.00186210601093,-0.0128724882083,-0.097865481535,-0.346038121874,-0.26277888025,0.0,0.0,0.0
1609056288665012000,2652,1609056288665012000,1.97739044175,3.23425344485,6.60457723184,0.291841462519,0.956401272425,0.00407645626727,-0.0104187025907,-0.0967820866115,-0.3529877043,-0.293144312457,0.0,0.0,0.0
1609056288764653000,2653,1609056288764653000,1.96657479426,3.20025199533,6.57584952974,0.292114743648,0.956344516201,0.00456617429555,-0.00730020059078,-0.103589941908,-0.362652810649,-0.297145182281,0.0,0.0,0.0
1609056288864682000,2654,1609056288864682000,1.954327147,3.16268351679,6.54726774015,0.292470459837,0.956232414202,0.00845353919892,-0.00302288384299,-0.110857863846,-0.362166751306,-0.285228377807,0.0,0.0,0.0
1609056288964980000,2655,1609056288964980000,1.94433450652,3.12572271875,6.51872344615,0.292634559189,0.956115829136,0.0142956289814,0.00178073997969,-0.138966893238,-0.379409408668,-0.25048131101,0.0,0.0,0.0
1609056289065261000,2656,1609056289065261000,1.92262903619,3.08425643011,6.49456031059,0.292623980807,0.955942946095,0.0228993470583,0.00446201436573,-0.180408858851,-0.406250701841,-0.236540202943,0.0,0.0,0.0
1609056289164810000,2657,1609056289164810000,1.90632849503,3.04593557582,6.46949446825,0.292727104944,0.955878282793,0.0242775072781,0.00426065205248,-0.224742372392,-0.44361444161,-0.216449389259,0.0,0.0,0.0
1609056289264819000,2658,1609056289264819000,1.88665128566,3.00386246992,6.44472527156,0.29286721457,0.955842044376,0.0241666180739,0.00327954339841,-0.262261659487,-0.480515735482,-0.237211349572,0.0,0.0,0.0
1609056289365163000,2659,1609056289365163000,1.86033937418,2.95645082312,6.41295817652,0.293064518408,0.955850665949,0.0214086805078,0.00208826601652,-0.294708878515,-0.51022321516,-0.295732714332,0.0,0.0,0.0
1609056289465312000,2660,1609056289465312000,1.82667945859,2.90412944446,6.3835841459,0.293381665068,0.955852850808,0.0164817816164,0.000936524740048,-0.324332386692,-0.535425450102,-0.30328807221,0.0,0.0,0.0
1609056289565173000,2661,1609056289565173000,1.79485359784,2.84954156508,6.35189721956,0.293580753901,0.95582566999,0.0144093204643,3.17852854829e-05,-0.351239866604,-0.555352792132,-0.310007146525,0.0,0.0,0.0
1609056289664957000,2662,1609056289664957000,1.76039285545,2.79236868037,6.31983089729,0.293732953622,0.955798073429,0.0130522127543,0.000796572323242,-0.377904048091,-0.574842595027,-0.299831850073,0.0,0.0,0.0
1609056289765280000,2663,1609056289765280000,1.72009713644,2.72898711902,6.29675317799,0.294066120063,0.955702405135,0.0124052975641,0.00203431607435,-0.402191801066,-0.590152581856,-0.274313711057,0.0,0.0,0.0
1609056289865023000,2664,1609056289865023000,1.67515299867,2.66909270686,6.27273360227,0.294224038532,0.955644060453,0.0126460087566,0.00408941734367,-0.43091562381,-0.596120046247,-0.272240727612,0.0,0.0,0.0
1609056289965015000,2665,1609056289965015000,1.63046180192,2.60884492444,6.2454859775,0.294592191503,0.955497005486,0.0141640281686,0.00634771756119,-0.467284610738,-0.605258049151,-0.277014239048,0.0,0.0,0.0
1609056290065302000,2666,1609056290065302000,1.5845591029,2.54881731305,6.21426478102,0.294954083628,0.955371678667,0.0146553716062,0.0072294007982,-0.506929206041,-0.620685985532,-0.278056069667,0.0,0.0,0.0
1609056290165055000,2667,1609056290165055000,1.53919636059,2.4960916052,6.18624800973,0.295343089122,0.95531302798,0.0115644455902,0.00396760353782,-0.53891075846,-0.619013540181,-0.300581059472,0.0,0.0,0.0
1609056290265153000,2668,1609056290265153000,1.48418339759,2.43647746126,6.15464480974,0.295533588069,0.955284745075,0.00953274404059,-0.000284501673475,-0.575763332451,-0.628601856028,-0.276933884685,0.0,0.0,0.0
1609056290365136000,2669,1609056290365136000,1.42767702651,2.37518447492,6.12674059505,0.295829831276,0.955203283504,0.00270357789981,-0.00800554667033,-0.592508797873,-0.624417563621,-0.239043900114,0.0,0.0,0.0
1609056290465150000,2670,1609056290465150000,1.37377539549,2.31340658217,6.10190902928,0.29591300782,0.954992294581,-0.00168694301805,-0.020551479676,-0.587526250736,-0.616221267381,-0.207166134044,0.0,0.0,0.0
1609056290565203000,2671,1609056290565203000,1.31898857473,2.24236085668,6.07482362529,0.295910329815,0.954720955966,-0.00397453681015,-0.0304823884389,-0.54847778558,-0.619302866304,-0.196276890878,0.0,0.0,0.0
1609056290665260000,2672,1609056290665260000,1.26191731183,2.17809255339,6.06288304923,0.295502380256,0.954672723775,-0.00821514768001,-0.0347971994868,-0.499764173055,-0.615949453959,-0.207546272036,0.0,0.0,0.0
1609056290765584000,2673,1609056290765584000,1.20929649979,2.11479937957,6.03907172925,0.295408410344,0.954726467663,-0.011671551362,-0.0330910551605,-0.449542067993,-0.59691919942,-0.254408139869,0.0,0.0,0.0
1609056290865298000,2674,1609056290865298000,1.16486829945,2.05581441339,6.01520073776,0.295841916448,0.954674483188,-0.0165455450356,-0.0282919875858,-0.413064642853,-0.57341961385,-0.297269012784,0.0,0.0,0.0
1609056290965314000,2675,1609056290965314000,1.12665483515,1.9960902229,5.98779598255,0.296027743496,0.954649468626,-0.0206863054036,-0.0241670002694,-0.38546791082,-0.541100798128,-0.343078666054,0.0,0.0,0.0
1609056291065544000,2676,1609056291065544000,1.0882960533,1.94463567904,5.94947455246,0.29612872069,0.954699343241,-0.0204518371549,-0.020944382397,-0.36174217995,-0.496751391471,-0.384997416566,0.0,0.0,0.0
1609056291165569000,2677,1609056291165569000,1.05463803932,1.89908115441,5.90807539071,0.296248803974,0.954660098688,-0.0203874923969,-0.0210972100126,-0.342496209954,-0.448206376996,-0.383527849439,0.0,0.0,0.0
1609056291265410000,2678,1609056291265410000,1.02779915526,1.86517300949,5.86431048387,0.296175835156,0.954621236365,-0.0182898798954,-0.0253702590393,-0.31175327537,-0.402224771198,-0.40634876742,0.0,0.0,0.0
1609056291365440000,2679,1609056291365440000,0.998663127982,1.82717447428,5.82289600284,0.296096970649,0.954643808284,-0.0147024663505,-0.0276698529307,-0.278109414391,-0.371917493782,-0.433536950964,0.0,0.0,0.0
1609056291465546000,2680,1609056291465546000,0.961071383095,1.77994927026,5.78401880208,0.295988466401,0.954730542723,-0.011642418392,-0.0272923550352,-0.253568454969,-0.357615683817,-0.469361732093,0.0,0.0,0.0
1609056291565523000,2681,1609056291565523000,0.93015708352,1.73497531531,5.74084624632,0.29574925028,0.954888371618,-0.0107851829196,-0.0245816707373,-0.230659677877,-0.33422459863,-0.479610959043,0.0,0.0,0.0
1609056291665494000,2682,1609056291665494000,0.908859063291,1.69936725816,5.69513329046,0.295668255922,0.955031449827,-0.00744472706141,-0.0209711306262,-0.215397892131,-0.321979278569,-0.484191080885,0.0,0.0,0.0
1609056291765587000,2683,1609056291765587000,0.88885624604,1.66968706828,5.64436614669,0.295751314005,0.955049680677,-0.00749229470364,-0.0188449787343,-0.203264435418,-0.300020164775,-0.496528483172,0.0,0.0,0.0
1609056291865605000,2684,1609056291865605000,0.871414754582,1.64208840204,5.5934485087,0.295918336611,0.954970226176,-0.00874329779147,-0.0196916204991,-0.193659223577,-0.277025900117,-0.498989884016,0.0,0.0,0.0
1609056291965636000,2685,1609056291965636000,0.849311107644,1.59859450745,5.5456249602,0.295902228792,0.954980045192,-0.00756304114251,-0.0199445403614,-0.182370440922,-0.265893380087,-0.536386241437,0.0,0.0,0.0
1609056292065706000,2686,1609056292065706000,0.839418441493,1.58130098471,5.48589864465,0.292791307169,0.955992517415,-0.00444478926791,-0.0182154039738,-0.186001409889,-0.272816647541,-0.695818912989,0.0,0.0,0.0
1609056292165690000,2687,1609056292165690000,0.828998946495,1.56612762574,5.42368199691,0.288208332619,0.957396038626,-0.00489407351439,-0.0174593893316,-0.185122040692,-0.262318608088,-0.593389122029,0.0,0.0,0.0
1609056292265690000,2688,1609056292265690000,0.809916235301,1.54040063426,5.36812993045,0.282850718774,0.958979936716,-0.0027170252144,-0.0185895034848,-0.180879429096,-0.245121800197,-0.504738933805,0.0,0.0,0.0
1609056292365770000,2689,1609056292365770000,0.79580839588,1.51627686471,5.32613470729,0.279907194285,0.959822752367,-0.000673578357599,-0.0197937595851,-0.160173411914,-0.21609058963,-0.41915844912,0.0,0.0,0.0
1609056292465804000,2690,1609056292465804000,0.766097816058,1.47626048764,5.28242865955,0.279839717258,0.959801832003,-0.000777920774386,-0.0216695816413,-0.155074330194,-0.209054952332,-0.349033509448,0.0,0.0,0.0
1609056292565816000,2691,1609056292565816000,0.740122727153,1.44459342882,5.25066605252,0.280771871542,0.9595445651,0.000180948054966,-0.0210083553897,-0.154360706182,-0.212108866961,-0.238931316439,0.0,0.0,0.0
1609056292665791000,2692,1609056292665791000,0.724909042797,1.42784329537,5.23292418999,0.281306260692,0.959444365698,-0.000486104550246,-0.0182499459707,-0.156587357288,-0.217428275589,-0.161209655712,0.0,0.0,0.0
1609056292765868000,2693,1609056292765868000,0.708528270433,1.40953042661,5.22141294077,0.28133144807,0.959392218956,-0.00686198813839,-0.0192898847336,-0.157199709028,-0.202086749681,-0.0960039749694,0.0,0.0,0.0
1609056292865890000,2694,1609056292865890000,0.696454033743,1.38706707856,5.21051769528,0.280905247239,0.959488924544,-0.00479941577483,-0.0212181846093,-0.145535774095,-0.184741289403,-0.063885898744,0.0,0.0,0.0
1609056292965921000,2695,1609056292965921000,0.68495405167,1.36478413358,5.19837076054,0.28068394603,0.959466217604,-0.00163123511953,-0.0252673463202,-0.134691797069,-0.17803542536,-0.0518011555801,0.0,0.0,0.0
1609056293065939000,2696,1609056293065939000,0.67547920494,1.34723243542,5.18985727654,0.280359695364,0.959351908447,0.00197911250518,-0.0322248365216,-0.10970294203,-0.179138642004,-0.0954740398736,0.0,0.0,0.0
1609056293165972000,2697,1609056293165972000,0.666238805666,1.32880983009,5.18218906852,0.280085907477,0.959334764098,0.00451825484514,-0.0347603250723,-0.081182110087,-0.188959085204,-0.231293388876,0.0,0.0,0.0
1609056293266041000,2698,1609056293266041000,0.655408434443,1.30801768839,5.16293093422,0.280246413757,0.959346218038,0.00415366048317,-0.0331591407917,-0.0595855257618,-0.206203407087,-0.312571095773,0.0,0.0,0.0
1609056293366024000,2699,1609056293366024000,0.647753828271,1.28292165681,5.13579773415,0.280280294134,0.959405479547,0.000293013918972,-0.0313687213393,-0.0354096932672,-0.215920398539,-0.358707247605,0.0,0.0,0.0
1609056293466024000,2700,1609056293466024000,0.642876838799,1.27098481189,5.09834569793,0.280266171988,0.959404625699,-0.00907126811482,-0.0301885594489,-0.0151100119024,-0.209837573682,-0.423789300923,0.0,0.0,0.0
1609056293566093000,2701,1609056293566093000,0.639751550514,1.25217123903,5.05368449337,0.280371627302,0.959389221048,-0.0156651772109,-0.026808121238,0.00832959665099,-0.186631371639,-0.443174878598,0.0,0.0,0.0
1609056293666079000,2702,1609056293666079000,0.633933169966,1.22307470615,5.01201483493,0.280337635512,0.959468426106,-0.0173359542899,-0.0230350626426,0.0230244198636,-0.155794557663,-0.441968646008,0.0,0.0,0.0
1609056293766126000,2703,1609056293766126000,0.638061618269,1.21264410178,4.96575052865,0.280215135981,0.959480756089,-0.0201613147101,-0.0216720477197,0.034853754307,-0.121216705678,-0.450637340651,0.0,0.0,0.0
1609056293866146000,2704,1609056293866146000,0.652403325737,1.21705770773,4.92555280552,0.280263033879,0.95935277587,-0.0236837171755,-0.0231076786387,0.0528775063416,-0.0801740325495,-0.460039328068,0.0,0.0,0.0
1609056293966205000,2705,1609056293966205000,0.661998743201,1.21368979113,4.87726670855,0.280383038163,0.959132097365,-0.0271523852233,-0.0267155327795,0.0777805950649,-0.0375993169811,-0.464597350396,0.0,0.0,0.0
1609056294066235000,2706,1609056294066235000,0.671206615976,1.21095659984,4.82917404017,0.280298985275,0.958889144927,-0.033797829887,-0.028666937223,0.107107694351,0.00657197499861,-0.473467215996,0.0,0.0,0.0
1609056294166248000,2707,1609056294166248000,0.681256219862,1.21128245727,4.78189475759,0.280244805269,0.958489163487,-0.0423262859622,-0.0311425450771,0.14983063858,0.0760000894106,-0.467569434971,0.0,0.0,0.0
1609056294266283000,2708,1609056294266283000,0.70155563702,1.22049537435,4.73944010194,0.280004421683,0.958300516887,-0.0472308379257,-0.0320451419335,0.197737004279,0.144458628351,-0.463330070659,0.0,0.0,0.0
1609056294366347000,2709,1609056294366347000,0.724646563564,1.23872838941,4.69461508769,0.279739599135,0.958193128389,-0.0517983186614,-0.030473259871,0.248372944421,0.231040524726,-0.467026030064,0.0,0.0,0.0
1609056294466320000,2710,1609056294466320000,0.75453583041,1.2610960751,4.64981367327,0.279625447398,0.958127673401,-0.0541941815702,-0.029393218868,0.298062576282,0.319152385811,-0.449431659282,0.0,0.0,0.0
1609056294566345000,2711,1609056294566345000,0.78494335095,1.29799178221,4.60267469213,0.279554756109,0.958120987611,-0.0544532907214,-0.0298018550861,0.347155193121,0.413206260943,-0.464823248907,0.0,0.0,0.0
1609056294666403000,2712,1609056294666403000,0.819958439547,1.34138500681,4.55316278212,0.279597773243,0.958216167106,-0.0530773142177,-0.028803836727,0.393451990959,0.502035612312,-0.483871193152,0.0,0.0,0.0
1609056294766432000,2713,1609056294766432000,0.859350696727,1.38965837053,4.50312040231,0.279865506797,0.958463080017,-0.0480534770684,-0.0267336060378,0.434869621351,0.587506249076,-0.447527407439,0.0,0.0,0.0
1609056294866438000,2714,1609056294866438000,0.903349047513,1.44867490679,4.45764557821,0.280338758283,0.95895643564,-0.0349030645122,-0.0243826010824,0.466062836165,0.652714410765,-0.403280472711,0.0,0.0,0.0
1609056294966514000,2715,1609056294966514000,0.955213891699,1.51746242808,4.42022043045,0.280492504444,0.959282477303,-0.0252363063305,-0.0215455919498,0.484588485889,0.691036627557,-0.401247262981,0.0,0.0,0.0
1609056295066495000,2716,1609056295066495000,1.00537422597,1.57784844109,4.3868876889,0.280518704592,0.95944040024,-0.0192515115604,-0.020316349673,0.494174871671,0.713720790971,-0.406463333779,0.0,0.0,0.0
1609056295166553000,2717,1609056295166553000,1.0550510703,1.65564742839,4.35367748456,0.280533485177,0.959511334154,-0.0167115723143,-0.0189654073359,0.49547402583,0.731610330965,-0.417120138276,0.0,0.0,0.0
1609056295266559000,2718,1609056295266559000,1.10874038288,1.74045367917,4.32391516813,0.280313466766,0.959436776964,-0.0234122289539,-0.0189023515397,0.495110446138,0.754611237085,-0.434562605565,0.0,0.0,0.0
1609056295366605000,2719,1609056295366605000,1.15907658891,1.81987284706,4.27973458014,0.280107044796,0.959399357727,-0.0275719465372,-0.0182401648253,0.50764060424,0.800106568744,-0.444979411444,0.0,0.0,0.0
1609056295466634000,2720,1609056295466634000,1.20861370418,1.90175699906,4.23273565241,0.279904934596,0.959535465847,-0.0260056956946,-0.0163896663405,0.512120360791,0.839131017769,-0.469863746841,0.0,0.0,0.0
1609056295566655000,2721,1609056295566655000,1.26416841622,1.99382294291,4.18658010325,0.2796245622,0.959643712822,-0.0257162740677,-0.0152552254304,0.51992556893,0.883897584198,-0.508682574279,0.0,0.0,0.0
1609056295666686000,2722,1609056295666686000,1.31557022724,2.08266671768,4.13326802965,0.279565415832,0.959887111307,-0.0168608660134,-0.013252283348,0.52156589328,0.920314644459,-0.517960657129,0.0,0.0,0.0
1609056295766697000,2723,1609056295766697000,1.36633420928,2.1744618714,4.07792128527,0.279354622909,0.960149280189,0.00229964580599,-0.0083105981172,0.510800896129,0.930806838719,-0.539990460235,0.0,0.0,0.0
1609056295866752000,2724,1609056295866752000,1.4150950475,2.26694184665,4.02184399711,0.278879654677,0.960182006932,0.0160543800918,-0.00434840788468,0.463547409552,0.894428039908,-0.533400077366,0.0,0.0,0.0
1609056295966772000,2725,1609056295966772000,1.45848175995,2.3617047716,3.97576625569,0.278735835723,0.960154416291,0.0198067003864,-0.0041863325186,0.417061306197,0.858594211702,-0.502979324091,0.0,0.0,0.0
1609056296066831000,2726,1609056296066831000,1.49847849581,2.45100413722,3.93130918433,0.278726472588,0.960087180902,0.0230268392632,-0.00373138302251,0.369408412312,0.814345534909,-0.493582057865,0.0,0.0,0.0
1609056296166820000,2727,1609056296166820000,1.53137931665,2.53036247488,3.88227181701,0.279114127623,0.960139443446,0.0131110493681,-0.00746011295473,0.325346314965,0.772117007114,-0.507471299831,0.0,0.0,0.0
1609056296266882000,2728,1609056296266882000,1.56210447359,2.60754548896,3.83013206904,0.279137970732,0.960166769399,0.00909587761784,-0.0088900645794,0.296699775406,0.75350025662,-0.530636823875,0.0,0.0,0.0
1609056296366959000,2729,1609056296366959000,1.59382544593,2.69111918924,3.77493776369,0.279330570136,0.960128553852,0.00363216172326,-0.0106957966721,0.274682332468,0.7457353893,-0.564829788491,0.0,0.0,0.0
1609056296466945000,2730,1609056296466945000,1.62129777759,2.76433322028,3.71764632749,0.279539785029,0.959998800475,-0.00724477049998,-0.0143987836969,0.262573231765,0.742600825863,-0.555183184938,0.0,0.0,0.0
1609056296567007000,2731,1609056296567007000,1.64749091139,2.83886246711,3.66199486927,0.279755451834,0.959830133231,-0.0130757058438,-0.0170888392488,0.264202089696,0.758975676399,-0.541579926645,0.0,0.0,0.0
1609056296667021000,2732,1609056296667021000,1.67334494906,2.91802256302,3.61231585951,0.279850207518,0.959738191997,-0.0152675753703,-0.01879801363,0.265963658081,0.772589193895,-0.527047281349,0.0,0.0,0.0
1609056296767027000,2733,1609056296767027000,1.7010945423,2.99739392009,3.56245647397,0.280077349101,0.959615067289,-0.0171591039153,-0.0200291363893,0.275126441076,0.787760527914,-0.507162007473,0.0,0.0,0.0
1609056296867034000,2734,1609056296867034000,1.72793814992,3.07576133241,3.5163435107,0.280519011643,0.959330492112,-0.0237431280061,-0.0207449965692,0.294371298813,0.822339828974,-0.447044057722,0.0,0.0,0.0
1609056296967085000,2735,1609056296967085000,1.75910423731,3.15630080721,3.48615697163,0.28082936052,0.959334054756,-0.0201967176477,-0.0201279470423,0.307191567658,0.847360965787,-0.329832837939,0.0,0.0,0.0
1609056297067106000,2736,1609056297067106000,1.79247829325,3.24123749097,3.45349241465,0.280791927262,0.959399869709,-0.0181222603313,-0.0194773526859,0.321601427347,0.866831874988,-0.319435564478,0.0,0.0,0.0
1609056297167192000,2737,1609056297167192000,1.82986268429,3.32544809626,3.42099066427,0.280778148663,0.959495612566,-0.0142123200028,-0.0181606899707,0.32919715092,0.875067851565,-0.327214451293,0.0,0.0,0.0
1609056297267142000,2738,1609056297267142000,1.86137675733,3.41233721754,3.38363344858,0.28076265363,0.95956843632,-0.0104519458237,-0.0170735226092,0.329797785655,0.879561468606,-0.353078581594,0.0,0.0,0.0
1609056297367197000,2739,1609056297367197000,1.89515519486,3.50039905569,3.35051336262,0.280792479954,0.9595808855,-0.00901962921317,-0.0166959178566,0.329763292209,0.877982087276,-0.340802920203,0.0,0.0,0.0
1609056297467257000,2740,1609056297467257000,1.92875892438,3.58906593412,3.31608461857,0.28100175134,0.959492718006,-0.0111330188658,-0.0169645432761,0.329299503005,0.879454965898,-0.358920779748,0.0,0.0,0.0
1609056297567307000,2741,1609056297567307000,1.96433920204,3.67706202997,3.28377416978,0.281178692857,0.959461293875,-0.00924293439364,-0.016945099689,0.329463871456,0.881232034577,-0.355271205272,0.0,0.0,0.0
1609056297667311000,2742,1609056297667311000,1.99725853583,3.76421361323,3.24784456665,0.281502250545,0.959363850291,-0.00528942651294,-0.0186951239566,0.33031921676,0.878070310219,-0.334841475916,0.0,0.0,0.0
1609056297767332000,2743,1609056297767332000,2.03042722291,3.85229954707,3.21402597228,0.281950364535,0.959106760925,-0.00620790134123,-0.0240764417628,0.335039152556,0.862424666876,-0.356923445858,0.0,0.0,0.0
1609056297867369000,2744,1609056297867369000,2.0657206992,3.93724673471,3.18053444194,0.28240549519,0.958826706027,-0.011226112078,-0.0277931377176,0.344441520755,0.841992244782,-0.406733670504,0.0,0.0,0.0
1609056297967375000,2745,1609056297967375000,2.10245366647,4.02162120644,3.14092126154,0.282617525025,0.958557430584,-0.0197019981749,-0.0301134204194,0.378050338475,0.848388437028,-0.445042157995,0.0,0.0,0.0
1609056298067416000,2746,1609056298067416000,2.15335662929,4.11333673519,3.09610789804,0.282501584612,0.958285280673,-0.0312696299517,-0.0300730074922,0.418802341578,0.873265521091,-0.45408017025,0.0,0.0,0.0
1609056298167451000,2747,1609056298167451000,2.19606359649,4.20138847565,3.04892372904,0.282324349674,0.958040228114,-0.0389353311399,-0.0305928567785,0.458981427916,0.925380962671,-0.457402117404,0.0,0.0,0.0
1609056298267490000,2748,1609056298267490000,2.24936297087,4.29741433982,3.00058456664,0.281956355707,0.958197069836,-0.0395999126786,-0.0281218020231,0.509302627662,0.977794852986,-0.458130131241,0.0,0.0,0.0
1609056298367507000,2749,1609056298367507000,2.30136630058,4.39795640291,2.95432962901,0.281833810914,0.958200273794,-0.0413218271815,-0.026729102574,0.546717390956,1.0345958076,-0.450019147105,0.0,0.0,0.0
1609056298467536000,2750,1609056298467536000,2.36170887492,4.50677853086,2.91047459032,0.281685300571,0.958212585015,-0.041809194569,-0.0270928885528,0.589313968997,1.09479769719,-0.433160354529,0.0,0.0,0.0
1609056298567568000,2751,1609056298567568000,2.42310050589,4.62024951759,2.86724207747,0.281600258097,0.958266211554,-0.0411057344581,-0.0271566019341,0.631502436149,1.15033144444,-0.428194246671,0.0,0.0,0.0
1609056298667615000,2752,1609056298667615000,2.49494833306,4.74198043542,2.82352278539,0.281579094138,0.958293218804,-0.0400493389414,-0.0279887653999,0.673085552362,1.2071596196,-0.414570086148,0.0,0.0,0.0
1609056298767648000,2753,1609056298767648000,2.56464590322,4.86499217493,2.78203834941,0.281712544705,0.958400283332,-0.0361650364667,-0.0282671046138,0.715899166527,1.25817070491,-0.393972434484,0.0,0.0,0.0
1609056298867676000,2754,1609056298867676000,2.63742523419,4.98460306761,2.75376548755,0.281639936686,0.958716297221,-0.0265890969907,-0.0288968411404,0.746464478627,1.28689384852,-0.277361231243,0.0,0.0,0.0
1609056298967726000,2755,1609056298967726000,2.71281675361,5.11606453286,2.73122138557,0.281385281973,0.958849268299,-0.0177389616444,-0.0334025898804,0.783813297792,1.29845428996,-0.143650181569,0.0,0.0,0.0
1609056299067713000,2756,1609056299067713000,2.79656801791,5.24460155807,2.72326968158,0.28078598438,0.959064211379,-0.010166778818,-0.0353794578372,0.820479991027,1.28846135516,-0.0557737166727,0.0,0.0,0.0
1609056299167751000,2757,1609056299167751000,2.8853102663,5.37739933863,2.71899935299,0.280070657008,0.959147097979,0.00259326374211,-0.0398816562528,0.856454352209,1.26717052009,0.0315588892144,0.0,0.0,0.0
1609056299267806000,2758,1609056299267806000,2.97277235738,5.50015161251,2.7248160976,0.279510606098,0.95899094414,0.0132862915143,-0.0450961705,0.895289644556,1.20696669899,0.0197765462144,0.0,0.0,0.0
1609056299367819000,2759,1609056299367819000,3.0649176501,5.61380153573,2.72389356017,0.279526873764,0.959285700678,0.0166569045898,-0.0368540207707,0.934023591036,1.13440622136,-0.0733850302897,0.0,0.0,0.0
1609056299467837000,2760,1609056299467837000,3.15269411994,5.71237096634,2.72463941135,0.279527162816,0.959741110519,0.0142338900329,-0.0236423857147,0.932579959624,1.06899302541,-0.0379819751389,0.0,0.0,0.0
1609056299567852000,2761,1609056299567852000,3.24825432754,5.82262501393,2.71841692922,0.279573040354,0.959960780289,0.00991668513542,-0.0146926774393,0.918245262251,1.02881182664,-0.016716694014,0.0,0.0,0.0
1609056299667931000,2762,1609056299667931000,3.33130087939,5.91071557551,2.72605982528,0.279802138666,0.959982130139,0.00797373629939,-0.00902732191913,0.88967068077,0.993016105026,-0.00979598543909,0.0,0.0,0.0
1609056299767951000,2763,1609056299767951000,3.41636513871,6.00145031371,2.73134802889,0.280034306697,0.959958016103,0.00649560289355,-0.00438195554588,0.854328728175,0.964011424883,0.0109933890201,0.0,0.0,0.0
1609056299867941000,2764,1609056299867941000,3.50455514814,6.09716104869,2.73276727091,0.280194712056,0.959933025389,0.00393230838772,-0.00201172923886,0.819065858157,0.937197514791,0.00578162492501,0.0,0.0,0.0
1609056299968031000,2765,1609056299968031000,3.58652103458,6.18640235816,2.73265297731,0.280302623912,0.959911604651,-0.000311387478745,0.000230917421451,0.783665329643,0.9270719446,-0.0072232323896,0.0,0.0,0.0
1609056300068024000,2766,1609056300068024000,3.66365564978,6.27967408949,2.73177589715,0.280423347016,0.959873902543,-0.0021798961336,-0.000292775630654,0.744631065846,0.926311226722,0.00853199081734,0.0,0.0,0.0
1609056300168044000,2767,1609056300168044000,3.74368811401,6.37247891876,2.72832455986,0.280548195391,0.959831589605,-0.00367670192744,-0.00158477855023,0.719988469905,0.921682500956,0.00402847063579,0.0,0.0,0.0
1609056300268069000,2768,1609056300268069000,3.81487383956,6.4647910216,2.72883944294,0.280414027918,0.959875804468,-0.00221003417649,-0.00123640297435,0.688685643317,0.91859986519,0.00303964358919,0.0,0.0,0.0
1609056300368127000,2769,1609056300368127000,3.88971089591,6.55625141523,2.72285566697,0.280390609058,0.959884219751,-0.000471385647596,-0.00178011823822,0.665441181398,0.914935326591,-0.00912451887716,0.0,0.0,0.0
1609056300468164000,2770,1609056300468164000,3.95282635823,6.64296008386,2.72249155079,0.282819769759,0.959166035445,0.00332522319419,-0.00156114454621,0.643044531539,0.922988860683,-0.00960132476221,0.0,0.0,0.0
1609056300568202000,2771,1609056300568202000,4.01522396958,6.7230410279,2.72484823507,0.284792206423,0.958570071291,0.00499007453259,-0.00345206335008,0.596112415407,0.877914762998,0.0272570984448,0.0,0.0,0.0
1609056300668169000,2772,1609056300668169000,4.07734351953,6.81974511227,2.72873915221,0.285436837383,0.958369024218,0.00521636713865,-0.00523591420235,0.565553546311,0.863419900461,0.0770206379819,0.0,0.0,0.0
1609056300768215000,2773,1609056300768215000,4.14208223328,6.91638217999,2.73473314474,0.285680164779,0.95828775579,0.00224664463945,-0.00814697141862,0.541183953566,0.850410131373,0.157574605912,0.0,0.0,0.0
1609056300868279000,2774,1609056300868279000,4.19489768226,7.00347378483,2.75153416999,0.285661843016,0.958281572993,0.000723725239194,-0.00965476709527,0.523727118248,0.842427568515,0.2134280562,0.0,0.0,0.0
1609056300968249000,2775,1609056300968249000,4.24377294683,7.09627878553,2.76772317194,0.285606010248,0.958287545849,-0.000116219796228,-0.0106851707711,0.50220686918,0.838877559886,0.282488582487,0.0,0.0,0.0
1609056301068320000,2776,1609056301068320000,4.29693843041,7.18246181301,2.79697769947,0.285459907967,0.958297574162,-0.00245187369356,-0.0131296844407,0.490250284884,0.831985094177,0.346199698079,0.0,0.0,0.0
1609056301168341000,2777,1609056301168341000,4.34075366078,7.2683424962,2.82796613132,0.285117121545,0.958349282493,-0.00444456830636,-0.015972650379,0.481765531523,0.832562238638,0.38825065576,0.0,0.0,0.0
1609056301268380000,2778,1609056301268380000,4.39451716205,7.35521405142,2.8695844556,0.284738751418,0.958395154514,-0.00562837167661,-0.0192585741108,0.491934175372,0.827079308856,0.421410798388,0.0,0.0,0.0
1609056301368373000,2779,1609056301368373000,4.43983827613,7.43827408329,2.90810398684,0.284444873902,0.958457909996,-0.00663002410784,-0.0201392963393,0.500518067629,0.82802858067,0.390881013687,0.0,0.0,0.0
1609056301468430000,2780,1609056301468430000,4.48875611027,7.51628502569,2.94835977391,0.284115043674,0.958581577702,-0.00690988338206,-0.0187684405222,0.510039154186,0.824923125932,0.37371803745,0.0,0.0,0.0
1609056301568481000,2781,1609056301568481000,4.53914810181,7.60020641055,2.9862665886,0.283753157361,0.958736825303,-0.00451909973425,-0.0169535610983,0.513193460669,0.822178283523,0.380002267688,0.0,0.0,0.0
1609056301668485000,2782,1609056301668485000,4.59278270102,7.68407982918,3.02495198268,0.283412221802,0.958888734465,-0.00234913308105,-0.0142964688933,0.511648633441,0.814657994057,0.382893140106,0.0,0.0,0.0
1609056301768549000,2783,1609056301768549000,4.64895663256,7.77239152385,3.06241271794,0.283144700832,0.958992407468,-0.00226621879464,-0.0125501020628,0.50347988712,0.811671337816,0.405057698723,0.0,0.0,0.0
1609056301868604000,2784,1609056301868604000,4.70496496769,7.86177831302,3.10292563624,0.282788999739,0.959110443731,-0.00131739821041,-0.0116534464547,0.500941856829,0.815888431186,0.447424599593,0.0,0.0,0.0
1609056301968565000,2785,1609056301968565000,4.75599559613,7.94611555623,3.14937693966,0.282760018833,0.959115362675,0.000242534109132,-0.0120180700291,0.485108988071,0.801322966625,0.49001034021,0.0,0.0,0.0
1609056302068633000,2786,1609056302068633000,4.81023577246,8.0351649547,3.19706529989,0.282433167624,0.95921409757,0.00138990950041,-0.0117426146787,0.476528602858,0.788980546888,0.512014050583,0.0,0.0,0.0
1609056302168627000,2787,1609056302168627000,4.85783244574,8.11403289427,3.25061789693,0.282298288917,0.959254634739,0.00165025067795,-0.0116403813534,0.46403793954,0.776855932749,0.54654502415,0.0,0.0,0.0
1609056302268691000,2788,1609056302268691000,4.9087272622,8.20114937729,3.30177208626,0.281972059286,0.959344452059,0.00169516007938,-0.0121287475913,0.445172911476,0.759796854262,0.570862087202,0.0,0.0,0.0
1609056302368695000,2789,1609056302368695000,4.95372519445,8.2790457086,3.35956381471,0.28193124993,0.959305555055,-0.00271740630204,-0.0154996147515,0.439801507951,0.758365099146,0.590705754082,0.0,0.0,0.0
1609056302468687000,2790,1609056302468687000,5.00184058026,8.36213581791,3.41550172102,0.281729208342,0.959321458365,0.00150981704439,-0.01813044787,0.439543298517,0.755074078204,0.599629777247,0.0,0.0,0.0
1609056302568731000,2791,1609056302568731000,5.04432864656,8.43345670066,3.47568207062,0.281655989074,0.959271895366,0.00905901459318,-0.0196282662078,0.438013537993,0.726906015011,0.563721376621,0.0,0.0,0.0
1609056302668779000,2792,1609056302668779000,5.09370451836,8.51233118272,3.52989732286,0.281594058363,0.959244345714,0.0129810783945,-0.0196612083366,0.434229004051,0.693680616383,0.543546906779,0.0,0.0,0.0
1609056302768784000,2793,1609056302768784000,5.13725479372,8.58213433998,3.58341798626,0.281624395328,0.959245800706,0.0151479971775,-0.0174851927429,0.425110140326,0.658964732663,0.546734155076,0.0,0.0,0.0
1609056302868856000,2794,1609056302868856000,5.18211398789,8.65514128023,3.63683259954,0.28163182708,0.959083165856,0.0190229139381,-0.0219345319669,0.40793095993,0.620870210757,0.596090017185,0.0,0.0,0.0
1609056302968972000,2795,1609056302968972000,5.22463753413,8.7180845777,3.69555087327,0.281804188962,0.958699697676,0.0219420823415,-0.0316201483553,0.414310424414,0.564037560685,0.576075518612,0.0,0.0,0.0
1609056303068891000,2796,1609056303068891000,5.26691632045,8.77376001062,3.74858499152,0.282041990534,0.958595128332,0.0238931499489,-0.0312540061345,0.426419830802,0.498839272354,0.513316987819,0.0,0.0,0.0
1609056303168939000,2797,1609056303168939000,5.30762824099,8.82362143907,3.79921078083,0.282307117187,0.958713274191,0.0224386604025,-0.0258467792071,0.428408922044,0.433866548132,0.497406630784,0.0,0.0,0.0
1609056303268942000,2798,1609056303268942000,5.35083706302,8.86317425501,3.84869769625,0.282648006004,0.958904599427,0.0187318683106,-0.0161614049584,0.421346960877,0.380279807727,0.487874937064,0.0,0.0,0.0
1609056303368982000,2799,1609056303368982000,5.39121494236,8.90377271146,3.90102052377,0.282912391236,0.958976699965,0.0154378634614,-0.00927039269474,0.386820895648,0.349155238797,0.547140438007,0.0,0.0,0.0
1609056303469048000,2800,1609056303469048000,5.42683576548,8.94763700333,3.96082127097,0.283084222901,0.95891064103,0.0145201459818,-0.0119528500436,0.344323541359,0.32410032397,0.631406234794,0.0,0.0,0.0
1609056303568968000,2801,1609056303568968000,5.46119264431,8.98029826734,4.02135264655,0.283457990523,0.958750425117,0.0133414587564,-0.0164680121862,0.325550155619,0.288209775511,0.623885676861,0.0,0.0,0.0
1609056303669089000,2802,1609056303669089000,5.49368547207,9.00857454079,4.08522004542,0.283662977444,0.958630041644,0.0125452165792,-0.0201587704636,0.30614682929,0.250575764232,0.648909943511,0.0,0.0,0.0
1609056303769105000,2803,1609056303769105000,5.52273060098,9.03041616817,4.15181076947,0.283904420896,0.958583783711,0.0110808552708,-0.0198147432147,0.301991733289,0.214145731147,0.635167230197,0.0,0.0,0.0
1609056303869130000,2804,1609056303869130000,5.55138350392,9.05796018384,4.21850595329,0.284142733241,0.958654686308,0.00937849115912,-0.0124957380677,0.288728810741,0.189342814114,0.629631008556,0.0,0.0,0.0
1609056303969157000,2805,1609056303969157000,5.57793400688,9.07181708977,4.28375106502,0.284452698661,0.958656937542,0.00659958359328,-0.00447032692455,0.255257347161,0.168957068199,0.67796791194,0.0,0.0,0.0
1609056304069233000,2806,1609056304069233000,5.60200103391,9.09409576388,4.35304231147,0.284667606386,0.958612533921,0.00513451765068,-2.03343273823e-05,0.203061825523,0.15570278194,0.744820399895,0.0,0.0,0.0
1609056304169281000,2807,1609056304169281000,5.62175848851,9.11470235467,4.42740871348,0.284802885659,0.958576576462,0.00385907305028,-0.00183601047797,0.158044724606,0.146267298647,0.769632234788,0.0,0.0,0.0
1609056304269308000,2808,1609056304269308000,5.63233099224,9.13815311883,4.50591116707,0.284875855394,0.958558357366,0.00306156234392,-0.00149979118074,0.117403934536,0.14736227173,0.787990664377,0.0,0.0,0.0
1609056304369355000,2809,1609056304369355000,5.6422672598,9.15065678608,4.5869030221,0.284626044395,0.958610425858,0.00714942578772,-0.00171813851023,0.0753759849143,0.1365446967,0.82207110331,0.0,0.0,0.0
1609056304469352000,2810,1609056304469352000,5.6470892959,9.16379930085,4.67051063935,0.284206788643,0.958662726847,0.0136878455929,-0.00221818092191,0.0282464932717,0.107211331967,0.836426328334,0.0,0.0,0.0
1609056304569412000,2811,1609056304569412000,5.64654977438,9.17303818646,4.75420259767,0.284085840371,0.958642983967,0.0171162402186,-0.00242876743853,-0.0180073801097,0.0749182589063,0.839638897826,0.0,0.0,0.0
1609056304669402000,2812,1609056304669402000,5.64183353507,9.18145849129,4.83956616853,0.284058899591,0.958624216777,0.0181878036361,-0.00439958751715,-0.0636801652785,0.0328977304128,0.843166189024,0.0,0.0,0.0
1609056304769453000,2813,1609056304769453000,5.63263527716,9.18481285069,4.92388561513,0.284126145512,0.958611604591,0.0173073215746,-0.00604827239298,-0.103219484361,-0.00612571612176,0.812337065578,0.0,0.0,0.0
1609056304869437000,2814,1609056304869437000,5.61916440061,9.17785981308,5.00416166789,0.284035440963,0.958465686321,0.0254273406866,-0.00456582608188,-0.137551281609,-0.0460090837986,0.80317973851,0.0,0.0,0.0
1609056304969463000,2815,1609056304969463000,5.59836549836,9.16545775821,5.08094298207,0.283939280817,0.958163781655,0.0360006474642,-0.00214609297265,-0.192521257074,-0.117184260151,0.76480484062,0.0,0.0,0.0
1609056305069502000,2816,1609056305069502000,5.5761969634,9.15420120647,5.15598859635,0.28376282427,0.957918335098,0.0432539546842,-0.000467172673402,-0.249646606341,-0.198040652246,0.725980991538,0.0,0.0,0.0
1609056305169513000,2817,1609056305169513000,5.54973731912,9.13595756652,5.22910413751,0.283763693849,0.95777158807,0.0463851660972,-0.000409274275078,-0.314667916012,-0.288929845206,0.706891744813,0.0,0.0,0.0
1609056305269545000,2818,1609056305269545000,5.51790295733,9.10509565303,5.30139418864,0.283792902112,0.957907735613,0.0432580890603,-0.00175968575047,-0.376305804222,-0.381997638305,0.71045802345,0.0,0.0,0.0
1609056305369559000,2819,1609056305369559000,5.48007450183,9.06618905733,5.3747469283,0.28388240484,0.958080699466,0.0384564692264,-0.00364053669527,-0.432350671405,-0.466264899403,0.712451424616,0.0,0.0,0.0
1609056305469626000,2820,1609056305469626000,5.43960658733,9.01772366531,5.44993816225,0.283870620385,0.958195621827,0.0353274109214,-0.00553129569296,-0.471651795048,-0.533563176956,0.711997532552,0.0,0.0,0.0
1609056305569881000,2821,1609056305569881000,5.39080211604,8.95830430215,5.52183045927,0.283936155766,0.958242738124,0.0332441679507,-0.00677787412266,-0.511724898761,-0.603943287639,0.717309888362,0.0,0.0,0.0
1609056305669644000,2822,1609056305669644000,5.33939995515,8.89708225185,5.59463843811,0.283924230835,0.958342064543,0.0301869512664,-0.00750109633128,-0.548616228431,-0.66504849888,0.701548366123,0.0,0.0,0.0
1609056305769702000,2823,1609056305769702000,5.28530670596,8.83303506007,5.67040606301,0.28390913286,0.958404606495,0.0282642297959,-0.00757283586868,-0.585146365974,-0.722573579913,0.701100238948,0.0,0.0,0.0
1609056305869781000,2824,1609056305869781000,5.22545477605,8.75933861151,5.74015415238,0.284057003486,0.958432862262,0.0253522732061,-0.0086792598004,-0.6182291314,-0.773265006715,0.656046856013,0.0,0.0,0.0
1609056305969819000,2825,1609056305969819000,5.16157909538,8.67966757833,5.80182581202,0.284101843607,0.958501861518,0.0215681247934,-0.00975396941839,-0.646061107451,-0.818943978031,0.596605997002,0.0,0.0,0.0
1609056306069828000,2826,1609056306069828000,5.09413423892,8.60382818972,5.86915729487,0.284233652079,0.958549727724,0.0164377454999,-0.0111108518424,-0.673392592497,-0.852382216903,0.60243027976,0.0,0.0,0.0
1609056306169820000,2827,1609056306169820000,5.02450939389,8.51615100833,5.92919776936,0.284422811741,0.958500097597,0.0157948153685,-0.0114782783822,-0.689862853784,-0.878745937824,0.6127981001,0.0,0.0,0.0
1609056306269974000,2828,1609056306269974000,4.95842481016,8.43011110521,5.99075960754,0.284605608158,0.958407485744,0.0186902338571,-0.0102671433987,-0.706810969048,-0.904737371581,0.58027443173,0.0,0.0,0.0
1609056306369930000,2829,1609056306369930000,4.887685121,8.33727346809,6.04547657928,0.284714097886,0.958357285684,0.020094457923,-0.00924165585955,-0.731213258706,-0.942715123165,0.481299802108,0.0,0.0,0.0
1609056306469905000,2830,1609056306469905000,4.8129239514,8.24200585981,6.08494329144,0.284888558019,0.958383259855,0.0158597104247,-0.00940778004211,-0.749008016998,-0.968144380138,0.294004125401,0.0,0.0,0.0
1609056306569985000,2831,1609056306569985000,4.73240547036,8.15175649896,6.11172113848,0.284844404026,0.958438838177,0.0131660452871,-0.00923656973568,-0.776605583146,-0.988194237315,0.179659971786,0.0,0.0,0.0
1609056306670012000,2832,1609056306670012000,4.65452212542,8.05065055539,6.12721883942,0.284866090904,0.958450684824,0.0106468378901,-0.0104995169837,-0.792735167848,-1.01066656031,0.10852948645,0.0,0.0,0.0
1609056306770027000,2833,1609056306770027000,4.57394235642,7.94943444352,6.13735096362,0.285278490574,0.958355858781,0.00221916188743,-0.012857141086,-0.804608887706,-1.02403355007,0.0490029451507,0.0,0.0,0.0
1609056306870056000,2834,1609056306870056000,4.49536300086,7.85246601866,6.14135961202,0.285858030618,0.958143564569,-0.00524925493582,-0.0147831434239,-0.804354254999,-1.01197864993,0.00943544413739,0.0,0.0,0.0
1609056306970082000,2835,1609056306970082000,4.41619677086,7.75146582202,6.1394818136,0.286373418457,0.957753222185,-0.0190427921684,-0.0183412830132,-0.796961116112,-0.996901516441,-0.0224028252715,0.0,0.0,0.0
1609056307070069000,2836,1609056307070069000,4.34163249383,7.65641320435,6.13150414534,0.286799680332,0.957201743594,-0.0303360156556,-0.0243000324423,-0.764845373266,-0.940433330153,-0.0278609796826,0.0,0.0,0.0
1609056307170146000,2837,1609056307170146000,4.26729571992,7.56117905224,6.12669252467,0.286609468036,0.957058237262,-0.0348595647209,-0.0260644215155,-0.733889737259,-0.899159200534,-0.0979473499277,0.0,0.0,0.0
1609056307270165000,2838,1609056307270165000,4.18717928032,7.46828375622,6.11247091214,0.286291899621,0.95679243554,-0.0424498621642,-0.0279855803454,-0.700138281821,-0.844742582952,-0.242129129781,0.0,0.0,0.0
1609056307370236000,2839,1609056307370236000,4.12067334964,7.38644167155,6.08807110699,0.28625483949,0.956554824546,-0.0471657426912,-0.0289210515635,-0.650749450431,-0.763618902846,-0.258540590442,0.0,0.0,0.0
1609056307470221000,2840,1609056307470221000,4.05365752193,7.30833652889,6.06498575652,0.286119995657,0.956444581296,-0.0498633241566,-0.0293727747802,-0.598114521937,-0.678701233138,-0.246145561892,0.0,0.0,0.0
1609056307570334000,2841,1609056307570334000,3.99689055638,7.2443039545,6.04181891761,0.285830972898,0.956427917917,-0.0515084456148,-0.0298859965756,-0.545499809251,-0.590734827748,-0.228847774299,0.0,0.0,0.0
1609056307670340000,2842,1609056307670340000,3.94042306291,7.18561657757,6.01875098388,0.285538804644,0.956566585198,-0.0502635920208,-0.0303567198908,-0.487986171556,-0.49890892937,-0.218378794611,0.0,0.0,0.0
1609056307770377000,2843,1609056307770377000,3.89456826191,7.14015684041,5.99866475023,0.285303366062,0.95732004815,-0.0359315421337,-0.0291417055739,-0.436006060836,-0.424183660367,-0.216380232389,0.0,0.0,0.0
1609056307870327000,2844,1609056307870327000,3.84955834353,7.09674061889,5.97743347215,0.2852140307,0.957744057604,-0.0262314039554,-0.0262904975783,-0.402252403945,-0.39045155538,-0.263596671692,0.0,0.0,0.0
1609056307970404000,2845,1609056307970404000,3.80848510663,7.05615421955,5.95382408026,0.285163822234,0.957912287371,-0.0230186738559,-0.0235750895315,-0.377332259123,-0.358957946291,-0.265265015724,0.0,0.0,0.0
1609056308070503000,2846,1609056308070503000,3.77136970916,7.01596247232,5.92913381939,0.285274951761,0.957903408223,-0.0228057197251,-0.0227851170937,-0.355842445044,-0.325992011939,-0.305834432533,0.0,0.0,0.0
1609056308170831000,2847,1609056308170831000,3.73844631187,6.98657625232,5.89639110784,0.285355974267,0.957945126858,-0.0215042394914,-0.0212289793434,-0.333042008656,-0.291651663218,-0.323160947589,0.0,0.0,0.0
1609056308270463000,2848,1609056308270463000,3.70735381737,6.95877940667,5.86547413702,0.285389268595,0.957965713742,-0.0205750928173,-0.020768298475,-0.315728457803,-0.259042592921,-0.295975736112,0.0,0.0,0.0
1609056308370600000,2849,1609056308370600000,3.67832942237,6.9342450574,5.83504836886,0.285417233459,0.95798034117,-0.019653249644,-0.0206014211893,-0.300058116621,-0.226042909617,-0.277011953239,0.0,0.0,0.0
1609056308470502000,2850,1609056308470502000,3.64948504288,6.91175585258,5.8083568465,0.285435892347,0.95797061565,-0.019732586321,-0.0207189755733,-0.2860821374,-0.197332480834,-0.257415047567,0.0,0.0,0.0
1609056308570503000,2851,1609056308570503000,3.61718731155,6.88616041887,5.78641261628,0.285440433517,0.957973557934,-0.0196819472909,-0.0205679887994,-0.270618957518,-0.161539541163,-0.281140706231,0.0,0.0,0.0
1609056308670535000,2852,1609056308670535000,3.59152977267,6.87299110107,5.75651307824,0.285360000101,0.957998893051,-0.0185556874238,-0.0215285327029,-0.260820586859,-0.134066549145,-0.24772047637,0.0,0.0,0.0
1609056308770584000,2853,1609056308770584000,3.56718953148,6.86305144475,5.73010789127,0.284970951658,0.958086846546,-0.017786966223,-0.0233404160132,-0.243288297425,-0.107179970721,-0.233693804182,0.0,0.0,0.0
1609056308870635000,2854,1609056308870635000,3.53517745754,6.84558811742,5.71121776299,0.284524827249,0.958411604792,-0.00834216077723,-0.0205724775423,-0.223044619854,-0.0864309540461,-0.279904895701,0.0,0.0,0.0
1609056308970540000,2855,1609056308970540000,3.51102644953,6.83525766637,5.68550823699,0.284021012423,0.958676594184,0.000837118351723,-0.0164484497408,-0.22802472155,-0.0855813446234,-0.246527779937,0.0,0.0,0.0
1609056309070691000,2856,1609056309070691000,3.49247743182,6.83372185718,5.65635154036,0.283758609808,0.958731922265,0.00762374070443,-0.0160009739879,-0.233879651492,-0.0972453655059,-0.267423902989,0.0,0.0,0.0
1609056309170724000,2857,1609056309170724000,3.46589362829,6.820586539,5.62868819159,0.283691841953,0.958724564267,0.00980304422557,-0.0164331678448,-0.244354002385,-0.119828276255,-0.304672493541,0.0,0.0,0.0
1609056309270717000,2858,1609056309270717000,3.44100412005,6.808770265,5.59521006426,0.283522812613,0.95873710072,0.0122623447813,-0.016959402444,-0.255762805769,-0.151323353083,-0.330633103659,0.0,0.0,0.0
1609056309370727000,2859,1609056309370727000,3.41694931404,6.79240206858,5.56085213576,0.283552283624,0.958694913662,0.013650110094,-0.0177718728489,-0.259216030779,-0.179829202891,-0.333866697591,0.0,0.0,0.0
1609056309470755000,2860,1609056309470755000,3.38978407981,6.77389820095,5.52918558593,0.283585552762,0.958661051615,0.0145551619503,-0.018340382779,-0.26079665163,-0.207808570235,-0.325444299044,0.0,0.0,0.0
1609056309570794000,2861,1609056309570794000,3.36095712434,6.74597017689,5.49605013178,0.283582806375,0.958599833063,0.0194657967438,-0.016977477377,-0.267571359918,-0.246950105305,-0.330657011249,0.0,0.0,0.0
1609056309670814000,2862,1609056309670814000,3.33109935416,6.71385417063,5.46080396223,0.283468766247,0.958502257283,0.0262070146659,-0.0152339662516,-0.285997276967,-0.298862377194,-0.31825565748,0.0,0.0,0.0
1609056309770859000,2863,1609056309770859000,3.29111960357,6.67918973568,5.43557406558,0.283525159684,0.95840691719,0.029690111635,-0.0137172219974,-0.312884046991,-0.356783964647,-0.322293994144,0.0,0.0,0.0
1609056309870895000,2864,1609056309870895000,3.2563824777,6.6434337747,5.40644911681,0.283324696114,0.958405674521,0.0322532568561,-0.0120584841283,-0.340805099836,-0.416035849416,-0.318240448362,0.0,0.0,0.0
1609056309970893000,2865,1609056309970893000,3.2214707489,6.60058610157,5.3744615262,0.283318660184,0.958437345315,0.0313640462707,-0.0120286531985,-0.366552035774,-0.474842398491,-0.316766302198,0.0,0.0,0.0
1609056310070969000,2866,1609056310070969000,3.18413518584,6.55156204244,5.34239473162,0.283262647773,0.95848095133,0.0306479381357,-0.011715041727,-0.389867137193,-0.534271543246,-0.328829280747,0.0,0.0,0.0
1609056310170985000,2867,1609056310170985000,3.14566601452,6.49613980028,5.31004388501,0.283232923934,0.958494733278,0.030905703441,-0.0105732952968,-0.413934638006,-0.593908529131,-0.331576574883,0.0,0.0,0.0
1609056310270996000,2868,1609056310270996000,3.09397724244,6.43273594463,5.28459775229,0.283416909401,0.958611575543,0.0255146813997,-0.00936502712787,-0.440122786764,-0.644159209219,-0.347515626516,0.0,0.0,0.0
1609056310371021000,2869,1609056310371021000,3.04849870341,6.36464419551,5.24928680744,0.283363492503,0.9587449984,0.0215090054808,-0.00710787190426,-0.470238864264,-0.693825534479,-0.360104814633,0.0,0.0,0.0
1609056310471062000,2870,1609056310471062000,3.005590909,6.29189889318,5.2120857084,0.283354330216,0.958861738112,0.0158191900345,-0.00665161335998,-0.494437651055,-0.729763709874,-0.373000893386,0.0,0.0,0.0
1609056310571107000,2871,1609056310571107000,2.95109303088,6.21574510491,5.17852649858,0.283507174868,0.958909026525,0.00310688357373,-0.0103686026518,-0.519388179469,-0.751703128434,-0.367796485198,0.0,0.0,0.0
1609056310671140000,2872,1609056310671140000,2.90694079081,6.15016544596,5.13992755273,0.283698412475,0.958766647933,-0.00699563705284,-0.0152573468589,-0.507983083348,-0.735950260393,-0.377328452329,0.0,0.0,0.0
1609056310771129000,2873,1609056310771129000,2.8587636344,6.07455471245,5.10218690285,0.284013615601,0.958660377091,-0.00814143420241,-0.0155004708662,-0.489444669313,-0.718417326353,-0.395069769023,0.0,0.0,0.0
1609056310871629000,2874,1609056310871629000,2.81988702558,6.00069090349,5.05949036472,0.284389536576,0.958598929808,-0.00560950959924,-0.0133871826314,-0.479634901142,-0.712704671061,-0.4062483078,0.0,0.0,0.0
1609056310971226000,2875,1609056310971226000,2.77144656714,5.93114025315,5.01920437461,0.284672166083,0.958536970891,-0.00462415476209,-0.0121346811226,-0.480544188938,-0.705887743842,-0.399886836355,0.0,0.0,0.0
1609056311071237000,2876,1609056311071237000,2.7251041165,5.86186071817,4.97676371407,0.285091375797,0.958417495048,-0.00260476499164,-0.0123299566587,-0.482928808205,-0.703503963939,-0.417923381849,0.0,0.0,0.0
1609056311171295000,2877,1609056311171295000,2.67824307868,5.79330386408,4.93286938673,0.285205105324,0.958369207861,-0.000202074528687,-0.0136553464756,-0.48988872704,-0.713595701357,-0.403553749399,0.0,0.0,0.0
1609056311271321000,2878,1609056311271321000,2.64750691253,5.72818493437,4.8811131907,0.285106427376,0.958319792205,0.00430915599768,-0.0178586704722,-0.469809719599,-0.720838954733,-0.420269541228,0.0,0.0,0.0
1609056311371354000,2879,1609056311371354000,2.59860202554,5.65385825782,4.84099414216,0.285241294433,0.958229891135,0.00604400700638,-0.0199085324586,-0.459752379439,-0.753557047911,-0.436402631103,0.0,0.0,0.0
1609056311471773000,2880,1609056311471773000,2.55147641268,5.57486008566,4.79817955504,0.285625418991,0.958159156377,0.00541252388525,-0.0178845090068,-0.447488581836,-0.775670480328,-0.45076756603,0.0,0.0,0.0
1609056311571787000,2881,1609056311571787000,2.51449369761,5.48882558766,4.75129532851,0.286544905713,0.957900230707,0.00190474990154,-0.0177633597495,-0.438216544862,-0.794577976187,-0.446905943771,0.0,0.0,0.0
1609056311671436000,2882,1609056311671436000,2.47094733885,5.41187517595,4.70510679354,0.287302977521,0.95759134131,-0.00681632329504,-0.0207210012448,-0.429868269742,-0.801447577046,-0.441725104276,0.0,0.0,0.0
1609056311771486000,2883,1609056311771486000,2.43330503933,5.3327406398,4.65968904994,0.287473434413,0.957406229245,-0.0105523248607,-0.0249195736185,-0.401446929337,-0.78845946306,-0.428627608647,0.0,0.0,0.0
1609056311871909000,2884,1609056311871909000,2.39720406448,5.24948136059,4.61267548883,0.287192417717,0.957377440523,-0.0117789175502,-0.0284641649446,-0.363979706219,-0.78500518396,-0.412079143329,0.0,0.0,0.0
1609056311971637000,2885,1609056311971637000,2.35862190601,5.17125395889,4.57401036429,0.287103283914,0.957248315434,-0.0171324766458,-0.0308843845573,-0.319656983154,-0.770860850146,-0.423352191082,0.0,0.0,0.0
1609056312071553000,2886,1609056312071553000,2.32485728428,5.09059298345,4.53301926482,0.287207801894,0.957236680172,-0.0192986236683,-0.0289340593284,-0.269593016542,-0.741790907106,-0.441437507492,0.0,0.0,0.0
1609056312171517000,2887,1609056312171517000,2.30125522725,5.00397942289,4.48793208148,0.287141631634,0.95748031253,-0.0131152618119,-0.0246804458369,-0.228422091329,-0.732281355033,-0.444677910473,0.0,0.0,0.0
1609056312271696000,2888,1609056312271696000,2.276974634,4.9311325992,4.44416993334,0.28726611564,0.957605258342,-0.00718384518086,-0.020463146627,-0.203650729743,-0.722388756397,-0.432661993767,0.0,0.0,0.0
1609056312371675000,2889,1609056312371675000,2.25454348608,4.85782181449,4.40048582745,0.287521783858,0.957640808012,-0.000863069205726,-0.015954991354,-0.189426834639,-0.716457623055,-0.449559608043,0.0,0.0,0.0
1609056312471691000,2890,1609056312471691000,2.23796973818,4.77564973186,4.35622726644,0.287725135968,0.9576206371,0.00632917172447,-0.0117005605519,-0.187141761019,-0.725756883482,-0.454051085784,0.0,0.0,0.0
1609056312572207000,2891,1609056312572207000,2.2226637961,4.70752578169,4.30826250191,0.287868386821,0.957521912709,0.0132543606338,-0.010387515375,-0.194370957977,-0.737806907568,-0.450845631637,0.0,0.0,0.0
1609056312672179000,2892,1609056312672179000,2.20727228985,4.63027931104,4.26146551578,0.288079583696,0.957379562794,0.0179979386845,-0.0105166727026,-0.198313415711,-0.767410291216,-0.490976200624,0.0,0.0,0.0
1609056312771753000,2893,1609056312771753000,2.18682373853,4.55215186447,4.21376061887,0.288300881333,0.957237444764,0.0212275764515,-0.0113342914374,-0.205786141946,-0.806719974976,-0.499160632151,0.0,0.0,0.0
1609056312871761000,2894,1609056312871761000,2.1651464033,4.4661740584,4.16672960311,0.288178385951,0.957242009021,0.0231501537686,-0.0102481421534,-0.21683788265,-0.859481220932,-0.499205984038,0.0,0.0,0.0
1609056312972168000,2895,1609056312972168000,2.14642883922,4.37897940212,4.12142608651,0.287992679754,0.957346426594,0.0217835068722,-0.00857407281492,-0.225232987302,-0.892048305242,-0.494069817639,0.0,0.0,0.0
1609056313071841000,2896,1609056313071841000,2.12357225612,4.2908502916,4.07031192441,0.287691843996,0.95746053251,0.0214448443658,-0.00654600896444,-0.239679407649,-0.924155494515,-0.494030479512,0.0,0.0,0.0
1609056313172360000,2897,1609056313172360000,2.09818434509,4.19749714641,4.02038624524,0.287515830086,0.957493238444,0.0227890874785,-0.00469076495526,-0.26098559938,-0.962493615765,-0.481675702356,0.0,0.0,0.0
1609056313272345000,2898,1609056313272345000,2.07191993247,4.09838501617,3.97434700982,0.287548359768,0.957565426417,0.0193211247333,-0.00333002476626,-0.283460003685,-1.0047717668,-0.483644557388,0.0,0.0,0.0
1609056313372347000,2899,1609056313372347000,2.04186722315,3.9942702445,3.92622988883,0.288030508025,0.957535607944,0.0125889481289,-0.00234613523057,-0.307246106313,-1.03440185607,-0.477864370589,0.0,0.0,0.0
1609056313471947000,2900,1609056313471947000,2.00996914832,3.89796932518,3.88030815657,0.288121997595,0.957583661833,0.00399494162893,-0.0018126041282,-0.328253615593,-1.04071721298,-0.450911995911,0.0,0.0,0.0
1609056313571991000,2901,1609056313571991000,1.97556143377,3.79742310803,3.83236958526,0.288418205894,0.957487537728,-0.00435649218972,-0.00368436980255,-0.343048697316,-1.02552462058,-0.441979329685,0.0,0.0,0.0
1609056313672435000,2902,1609056313672435000,1.93764151565,3.69484595494,3.78694172242,0.288637797684,0.957401976679,-0.00714516981858,-0.00431547773699,-0.351071435853,-1.0030671668,-0.452607779137,0.0,0.0,0.0
1609056313772053000,2903,1609056313772053000,1.90263461074,3.59648728671,3.74261995778,0.288734571361,0.957384289546,-0.00547791110542,-0.00420260895337,-0.360430331745,-0.98279726696,-0.459870566833,0.0,0.0,0.0
1609056313872101000,2904,1609056313872101000,1.86756929551,3.4955267497,3.6980196149,0.288747254069,0.957389256569,-0.00427853129845,-0.00353961057911,-0.367683758094,-0.966991226262,-0.464933772695,0.0,0.0,0.0
1609056313972113000,2905,1609056313972113000,1.82964678728,3.40028606038,3.65136558404,0.288908795468,0.957339620057,-0.00453663957732,-0.0034610218056,-0.384153415721,-0.950359611647,-0.450369513165,0.0,0.0,0.0
1609056314072610000,2906,1609056314072610000,1.79094379645,3.30566329835,3.60403902005,0.289533764956,0.957141280812,-0.00541524006925,-0.00463062533716,-0.391341159603,-0.931714873209,-0.452275219,0.0,0.0,0.0
1609056314172259000,2907,1609056314172259000,1.75414263175,3.21581755935,3.56111882519,0.290047085285,0.95696661698,-0.0068683418197,-0.00635674323372,-0.403732309484,-0.916393402272,-0.441250118786,0.0,0.0,0.0
1609056314272208000,2908,1609056314272208000,1.71304325351,3.12585201274,3.51844902804,0.289950978727,0.956958325254,-0.00995369458503,-0.00775355569256,-0.408597881283,-0.895928846524,-0.469004229991,0.0,0.0,0.0
1609056314372638000,2909,1609056314372638000,1.67118499572,3.03541906394,3.47363762327,0.289621380848,0.957027666634,-0.012323364536,-0.00810158874937,-0.406657124505,-0.862971620308,-0.467361196174,0.0,0.0,0.0
1609056314472268000,2910,1609056314472268000,1.63117178389,2.95458283205,3.42821455097,0.289367129671,0.957142933415,-0.0100982387276,-0.00648805477837,-0.404016816208,-0.829699773312,-0.452876856567,0.0,0.0,0.0
1609056314572264000,2911,1609056314572264000,1.5902473926,2.8711874782,3.38242364473,0.288763124223,0.957384274774,-0.00482803283687,-0.00281044542689,-0.411518031791,-0.803998761041,-0.464833075987,0.0,0.0,0.0
1609056314672493000,2912,1609056314672493000,1.54797827653,2.78539330561,3.3342600417,0.288404211305,0.957508375899,0.000448828143783,-0.000720790492006,-0.434241995541,-0.801358889405,-0.478450099522,0.0,0.0,0.0
1609056314772449000,2913,1609056314772449000,1.5021686184,2.70868209323,3.28429256605,0.288168952646,0.957572121213,0.00376340098174,0.000352449194055,-0.458551946871,-0.793771079003,-0.465563928118,0.0,0.0,0.0
1609056314872351000,2914,1609056314872351000,1.45515284401,2.61989298173,3.23677005935,0.287976548909,0.957613670021,0.00674170691247,0.000340082259466,-0.489437569347,-0.799815153243,-0.446735212418,0.0,0.0,0.0
1609056314972423000,2915,1609056314972423000,1.40477168774,2.53978100355,3.19270987007,0.287805803108,0.957671311425,0.0057810796113,0.000241018422723,-0.515976886331,-0.804413247043,-0.436534925865,0.0,0.0,0.0
1609056315072458000,2916,1609056315072458000,1.35199996063,2.45638178566,3.15266575853,0.287689218503,0.957718875377,0.00301246062587,0.000628000640088,-0.543020284066,-0.808120532577,-0.419840334786,0.0,0.0,0.0
1609056315172741000,2917,1609056315172741000,1.29590391233,2.37629123745,3.11260198994,0.287232949455,0.957860035391,4.58198390638e-05,0.00117611568392,-0.567606688221,-0.798456276483,-0.399871660199,0.0,0.0,0.0
1609056315272482000,2918,1609056315272482000,1.23975589816,2.29376096855,3.07835552171,0.287253670505,0.957851765756,-0.00200987210169,0.00113315218628,-0.59070637998,-0.782847548713,-0.367254267818,0.0,0.0,0.0
1609056315372729000,2919,1609056315372729000,1.17962149358,2.21588918623,3.04204299483,0.287224642505,0.95785630541,-0.00363256445229,-0.000327718869986,-0.613790341001,-0.76798748747,-0.333366247931,0.0,0.0,0.0
1609056315472553000,2920,1609056315472553000,1.11712794654,2.13530347717,3.01149083335,0.287371166715,0.957803839867,-0.00521967730652,-0.00154007974375,-0.631889501354,-0.753418499911,-0.319299706033,0.0,0.0,0.0
1609056315572595000,2921,1609056315572595000,1.05297170663,2.05894607256,2.98021143152,0.287433791474,0.957771802104,-0.0069703371109,-0.0025308128895,-0.644341061078,-0.73206394499,-0.31473758176,0.0,0.0,0.0
1609056315672591000,2922,1609056315672591000,0.984163026361,1.97733742344,2.95005159685,0.287451800115,0.957749661035,-0.00888020391065,-0.00286205822489,-0.65965674637,-0.713667947575,-0.277638126668,0.0,0.0,0.0
1609056315772658000,2923,1609056315772658000,0.916552353859,1.90607892308,2.92142998717,0.287097078309,0.957837838184,-0.0103374267615,-0.0038834234266,-0.674492890745,-0.690019554996,-0.250935880631,0.0,0.0,0.0
1609056315872665000,2924,1609056315872665000,0.846213474132,1.83383208842,2.89624697077,0.286762139737,0.957953128246,-0.008544439622,-0.00450242698203,-0.681668956505,-0.665837179059,-0.251762106595,0.0,0.0,0.0
1609056315972727000,2925,1609056315972727000,0.777839174506,1.76842564123,2.87273998181,0.286596771376,0.958017804805,-0.00670975958536,-0.00437669280711,-0.691153097163,-0.64448675465,-0.256689077257,0.0,0.0,0.0
1609056316072863000,2926,1609056316072863000,0.712254167191,1.71171922048,2.85424619066,0.28661261976,0.958010020333,-0.00724560088124,-0.00418430442686,-0.704298814527,-0.624294204595,-0.217289307518,0.0,0.0,0.0
1609056316172964000,2927,1609056316172964000,0.641826372239,1.65159447905,2.83518493035,0.286296234959,0.95812085446,-0.00423133404119,-0.00458147462254,-0.717193034237,-0.599822620016,-0.164926851911,0.0,0.0,0.0
1609056316272802000,2928,1609056316272802000,0.56976287456,1.59774947445,2.8206715323,0.285933727673,0.958226651419,-0.00226843255179,-0.00620016959966,-0.729074262576,-0.584313165191,-0.140668299434,0.0,0.0,0.0
1609056316372806000,2929,1609056316372806000,0.496362150781,1.5390829766,2.8075252578,0.285500959836,0.958360823811,0.00109203688012,-0.00570445193433,-0.737219295462,-0.575775742289,-0.129809025313,0.0,0.0,0.0
1609056316472843000,2930,1609056316472843000,0.420813283173,1.47909423534,2.7975337777,0.285203208187,0.958444424591,0.00565653562034,-0.00337914415296,-0.752543403637,-0.575719436978,-0.0855240585118,0.0,0.0,0.0
1609056316572950000,2931,1609056316572950000,0.345706409007,1.42430016052,2.79267831112,0.284755026689,0.958554982226,0.00919614924497,-0.00153351377453,-0.782307655738,-0.584804939272,-0.0255508818221,0.0,0.0,0.0
1609056316672945000,2932,1609056316672945000,0.268285665482,1.36385403601,2.79590647847,0.284613682552,0.95859351288,0.00959644824728,-0.00119872841252,-0.807099305162,-0.59355225156,0.015967049378,0.0,0.0,0.0
1609056316772939000,2933,1609056316772939000,0.186185856812,1.30441879511,2.79852159938,0.284814925215,0.958545568567,0.00831886202539,-0.00128370140587,-0.834922832617,-0.596681841081,0.0416403330111,0.0,0.0,0.0
1609056316873000000,2934,1609056316873000000,0.103667286669,1.24910565549,2.80648120362,0.285170233611,0.958448965495,0.00638660061022,-0.00356787550349,-0.859782951859,-0.599238854555,0.0677906656884,0.0,0.0,0.0
1609056316972988000,2935,1609056316972988000,0.0141932614144,1.18845767253,2.81125015221,0.285642611784,0.958307250263,0.00327413864918,-0.00669271562217,-0.880540938867,-0.598730564551,0.0560407831388,0.0,0.0,0.0
1609056317073009000,2936,1609056317073009000,-0.0758396118033,1.12782698376,2.81908415434,0.286051344073,0.958147831165,-0.00314457972596,-0.0108385334209,-0.894726478184,-0.600506336919,0.0504117691115,0.0,0.0,0.0
1609056317173046000,2937,1609056317173046000,-0.165307307791,1.06735225702,2.8244659159,0.286408615555,0.95780514594,-0.0161645740498,-0.0178357476126,-0.888778719198,-0.581060664514,0.0512112901003,0.0,0.0,0.0
1609056317273097000,2938,1609056317273097000,-0.25395272603,1.01146985893,2.82904951466,0.286028253681,0.957666196843,-0.022869204781,-0.0232442034301,-0.86303520309,-0.547320839299,0.0278877971935,0.0,0.0,0.0
1609056317373036000,2939,1609056317373036000,-0.338983202235,0.95986662293,2.83010398964,0.281918389781,0.958608558591,-0.0280626818098,-0.028357341018,-0.835489815039,-0.518385235543,0.0170931178071,0.0,0.0,0.0
1609056317473278000,2940,1609056317473278000,-0.419991140209,0.912498080734,2.82986931247,0.276445731513,0.959924933859,-0.0305058810374,-0.0345147809832,-0.780178426362,-0.46592406871,-0.00817344496097,0.0,0.0,0.0
1609056317573175000,2941,1609056317573175000,-0.496415120105,0.867294364111,2.82739889704,0.270998036185,0.961385373007,-0.02916497612,-0.038047774165,-0.721564148718,-0.431483165953,-0.0407881592091,0.0,0.0,0.0
1609056317673195000,2942,1609056317673195000,-0.565135768042,0.829008978989,2.82365010426,0.263698663493,0.96339577634,-0.0270051821041,-0.0400289038401,-0.662395350526,-0.406793890516,-0.043816819798,0.0,0.0,0.0
1609056317773193000,2943,1609056317773193000,-0.627839433336,0.792608260421,2.81971374417,0.253343499478,0.966061551349,-0.027345887578,-0.0423598006484,-0.601413146519,-0.380569353689,-0.0558342858857,0.0,0.0,0.0
1609056317873310000,2944,1609056317873310000,-0.684880466044,0.756672674039,2.8131456785,0.241273916725,0.969132845058,-0.0269023221058,-0.0429498638378,-0.535762853035,-0.358650324764,-0.0811263935069,0.0,0.0,0.0
1609056317973391000,2945,1609056317973391000,-0.738029704654,0.722054846702,2.80469255164,0.227851998627,0.972488452081,-0.0289634523435,-0.0388689557202,-0.466289431427,-0.329606077322,-0.1512660346,0.0,0.0,0.0
1609056318073297000,2946,1609056318073297000,-0.78474629783,0.690458736953,2.79497595003,0.214124006714,0.975756574557,-0.0305502597944,-0.0334170403269,-0.418499723519,-0.277992128017,-0.0880027304423,0.0,0.0,0.0
1609056318173380000,2947,1609056318173380000,-0.824334010526,0.663810693695,2.78733129701,0.200185051837,0.978858577701,-0.0282977005294,-0.0310011294324,-0.370012050733,-0.235637069208,-0.0840286698454,0.0,0.0,0.0
1609056318273389000,2948,1609056318273389000,-0.860295391889,0.640495752793,2.77943865946,0.186064871276,0.981673575202,-0.0281443492167,-0.0300790796695,-0.328694037345,-0.192660439483,-0.0809195703469,0.0,0.0,0.0
1609056318373435000,2949,1609056318373435000,-0.889890014475,0.621558093911,2.77074196004,0.172755474401,0.984249980318,-0.0235213874652,-0.0292278401483,-0.279835664707,-0.149544607769,-0.102583506201,0.0,0.0,0.0
1609056318473437000,2950,1609056318473437000,-0.916774497554,0.603907589486,2.7606879111,0.160034000026,0.986624097388,-0.0151460790151,-0.0270666876318,-0.242286823965,-0.135169210248,-0.108506179383,0.0,0.0,0.0
1609056318573471000,2951,1609056318573471000,-0.940923878759,0.586981051246,2.74988302923,0.147549066872,0.988746301451,-0.00971529107232,-0.0227076496044,-0.215539137096,-0.124570766994,-0.111147764706,0.0,0.0,0.0
1609056318673408000,2952,1609056318673408000,-0.961457967567,0.569023565364,2.7407470136,0.135888995943,0.990564941297,-0.00473893251155,-0.0171119949936,-0.199867876518,-0.122286278512,-0.089544498256,0.0,0.0,0.0
1609056318773558000,2953,1609056318773558000,-0.978372350981,0.552581939512,2.73276913258,0.12579477873,0.991984302427,0.00199206074823,-0.0117834238179,-0.197279648448,-0.123546470307,-0.0630612629248,0.0,0.0,0.0
1609056318873555000,2954,1609056318873555000,-0.993455701915,0.535126413872,2.72494398879,0.11716517725,0.993026300868,0.00839515250978,-0.0100303757583,-0.204155481762,-0.146003699982,-0.0660573476822,0.0,0.0,0.0
1609056318973627000,2955,1609056318973627000,-1.00778121248,0.52651441009,2.71170078452,0.109929914521,0.993839472733,0.0103543644347,-0.00955528482656,-0.207727591348,-0.148743659261,-0.079365861783,0.0,0.0,0.0
1609056319073642000,2956,1609056319073642000,-1.02638774366,0.507089149252,2.7025059249,0.104228940782,0.994457006277,0.010350489132,-0.00919010040356,-0.219153144368,-0.175057013783,-0.0759263021848,0.0,0.0,0.0
1609056319173642000,2957,1609056319173642000,-1.04769446849,0.488501814791,2.69529144364,0.0992305420639,0.994978183925,0.0066334827251,-0.0113008823581,-0.234717088539,-0.204369359668,-0.0698495419933,0.0,0.0,0.0
1609056319273687000,2958,1609056319273687000,-1.06182628277,0.461346587847,2.68892384207,0.0935047956974,0.995520878475,0.00548926904635,-0.012841402874,-0.231548026699,-0.232722240144,-0.0709894219479,0.0,0.0,0.0
1609056319373694000,2959,1609056319373694000,-1.08602023501,0.43762742233,2.68305781323,0.0881763504264,0.996002778241,0.00544348396816,-0.0131820121064,-0.239037491647,-0.246374321148,-0.0611655073162,0.0,0.0,0.0
1609056319473635000,2960,1609056319473635000,-1.10633571518,0.408948440897,2.67828931487,0.0827489970421,0.996453174295,0.0080295765597,-0.0130077217544,-0.241433010518,-0.265790000516,-0.039567072651,0.0,0.0,0.0
1609056319573764000,2961,1609056319573764000,-1.13284466887,0.381712504296,2.67410663968,0.0776295633069,0.996807604239,0.013471354901,-0.0129140864528,-0.252612113286,-0.301085705946,-0.0127047891673,0.0,0.0,0.0
1609056319673828000,2962,1609056319673828000,-1.15893785041,0.346674029143,2.67164729746,0.0725543537714,0.997110215193,0.0179397068734,-0.0136107099091,-0.263988620807,-0.339470001988,0.00879896743432,0.0,0.0,0.0
1609056319773854000,2963,1609056319773854000,-1.18917365732,0.311341088688,2.67110924586,0.0676439640776,0.997319705448,0.0230084781412,-0.0157578292792,-0.271467097129,-0.387737413118,0.0169248177734,0.0,0.0,0.0
1609056319873820000,2964,1609056319873820000,-1.22207708577,0.268578344293,2.6686220638,0.062174233573,0.997515532607,0.0282541156258,-0.0172867532214,-0.282013927658,-0.455200700815,0.00591309691478,0.0,0.0,0.0
1609056319973893000,2965,1609056319973893000,-1.25145261288,0.218779801078,2.67061296285,0.056989693786,0.99781996968,0.0272597079745,-0.0190890343207,-0.283975049196,-0.513040937761,-0.00792396057969,0.0,0.0,0.0
1609056320073931000,2966,1609056320073931000,-1.28482099284,0.161677262567,2.66815416835,0.0517102525052,0.998162872911,0.0247547932251,-0.0195992127459,-0.284737352217,-0.580467232073,-0.0166017440904,0.0,0.0,0.0
1609056320173937000,2967,1609056320173937000,-1.31116154781,0.101278342562,2.66881183482,0.0468397143913,0.998551429902,0.0172103273894,-0.0201218196692,-0.2762210211,-0.622520542187,-0.0152588543227,0.0,0.0,0.0
1609056320273961000,2968,1609056320273961000,-1.33905379334,0.0352705751253,2.66876199988,0.0427855578692,0.9988677714,0.0102200792288,-0.0181141181799,-0.274013581533,-0.65377995869,-0.0368287348881,0.0,0.0,0.0
1609056320373990000,2969,1609056320373990000,-1.36201575126,-0.0298792039361,2.66919594856,0.040173772521,0.999063514985,0.0034579282932,-0.0156908813952,-0.273026514905,-0.660321445422,-0.0403181094318,0.0,0.0,0.0
1609056320474045000,2970,1609056320474045000,-1.38796183397,-0.0954784225333,2.66442372632,0.0370905537662,0.999218478344,-0.00266165559692,-0.0134029454247,-0.283083571719,-0.677467208775,-0.0271714021996,0.0,0.0,0.0
1609056320574033000,2971,1609056320574033000,-1.41059763698,-0.160408196077,2.66456074534,0.0316457810426,0.999359133023,-0.00824318184531,-0.0145573946251,-0.291204722782,-0.677454127811,-0.0221578657082,0.0,0.0,0.0
1609056320674037000,2972,1609056320674037000,-1.44258284989,-0.226454044038,2.66050943109,0.0258927937586,0.999376378658,-0.0165129430777,-0.0174281302123,-0.29783047501,-0.657824176739,-0.0381678686312,0.0,0.0,0.0
1609056320774080000,2973,1609056320774080000,-1.46620430714,-0.286158535321,2.6568688682,0.0185279395221,0.999400241745,-0.021542907247,-0.0197933171565,-0.293305050079,-0.630842711349,-0.0379046111644,0.0,0.0,0.0
1609056320874168000,2974,1609056320874168000,-1.48686231664,-0.340765400501,2.65329124098,0.0103998834485,0.99923574564,-0.0297365962082,-0.0231409140993,-0.278294589553,-0.582579700758,-0.0652797846065,0.0,0.0,0.0
1609056320974499000,2975,1609056320974499000,-1.51226123184,-0.397058562769,2.64493627402,0.00188931956246,0.999293531668,-0.0308520935579,-0.0213779409849,-0.26177711013,-0.532675260312,-0.106499437665,0.0,0.0,0.0
1609056321074220000,2976,1609056321074220000,-1.53650623431,-0.449580968086,2.63700970532,-0.00666781747186,0.999393184724,-0.0289464102106,-0.0181908733667,-0.259548826428,-0.477629771585,-0.0855401342661,0.0,0.0,0.0
1609056321174210000,2977,1609056321174210000,-1.55985858853,-0.497816357225,2.63100933867,-0.015253538692,0.999436504239,-0.0256186812578,-0.015417091923,-0.260068198543,-0.436824627131,-0.0744634443447,0.0,0.0,0.0
1609056321274298000,2978,1609056321274298000,-1.58502036156,-0.542139897424,2.62409415963,-0.0246500015931,0.999401307003,-0.0201139373004,-0.0135953855906,-0.266627675653,-0.401185729047,-0.0516441093069,0.0,0.0,0.0
1609056321374386000,2979,1609056321374386000,-1.61272428878,-0.587906348599,2.61915078616,-0.0347754148337,0.999132923542,-0.0187939963945,-0.0130712400846,-0.275301014776,-0.386709396734,-0.0306307640979,0.0,0.0,0.0
1609056321474327000,2980,1609056321474327000,-1.64277293035,-0.631673129232,2.61538182962,-0.0455928387118,0.998682679741,-0.0190851830391,-0.0137823812249,-0.283987738116,-0.371579716525,-0.031917838057,0.0,0.0,0.0
1609056321574351000,2981,1609056321574351000,-1.672016737,-0.671674322414,2.61255530819,-0.0566170235999,0.998166925787,-0.0173443919146,-0.0125089157476,-0.287667860105,-0.351189173836,-0.0410135382912,0.0,0.0,0.0
1609056321674413000,2982,1609056321674413000,-1.70000512399,-0.707652941399,2.60942857968,-0.0675383186361,0.997540189145,-0.0161037271505,-0.00963413348968,-0.291615806671,-0.328388539028,-0.037305753389,0.0,0.0,0.0
1609056321774439000,2983,1609056321774439000,-1.72813393087,-0.741744499991,2.60741572147,-0.0777995894448,0.996836925577,-0.0139458589979,-0.00829944000452,-0.304994698126,-0.30846173511,-0.00888602611638,0.0,0.0,0.0
1609056321874417000,2984,1609056321874417000,-1.75779412247,-0.77393029399,2.60602372353,-0.0879316730309,0.996045164498,-0.00813276549843,-0.00979332848564,-0.311935719498,-0.310999306476,-0.0123966716263,0.0,0.0,0.0
1609056321974499000,2985,1609056321974499000,-1.79084833045,-0.804495421463,2.60113380413,-0.0988033554492,0.99500909556,-0.00605114041947,-0.0125769791774,-0.319728224069,-0.319906362984,-0.0242116399742,0.0,0.0,0.0
1609056322074547000,2986,1609056322074547000,-1.82601905386,-0.841347136842,2.59328476024,-0.109886163102,0.99383251703,-0.00620510102906,-0.0135445920337,-0.323137423609,-0.326356032776,-0.0780561007886,0.0,0.0,0.0
1609056322174593000,2987,1609056322174593000,-1.86032066859,-0.877371797161,2.58319619183,-0.121553156459,0.99251257853,-0.00467782150823,-0.0110331138122,-0.326029890113,-0.338947250298,-0.11253386427,0.0,0.0,0.0
1609056322274623000,2988,1609056322274623000,-1.89494638447,-0.915160247381,2.57320443992,-0.132606148658,0.991123047217,-0.00465478780316,-0.00830948636045,-0.331848975315,-0.342461105514,-0.141330497148,0.0,0.0,0.0
1609056322374620000,2989,1609056322374620000,-1.92849275723,-0.951391017026,2.56013059595,-0.142801001971,0.989741644375,-0.00417300921115,-0.0013918402623,-0.343650653529,-0.352160735226,-0.149097269403,0.0,0.0,0.0
1609056322474658000,2990,1609056322474658000,-1.96269963481,-0.989635970407,2.54710359089,-0.152550110642,0.988254394177,-0.00650238077594,0.00627974334286,-0.375935734288,-0.360541640869,-0.131195119857,0.0,0.0,0.0
1609056322574677000,2991,1609056322574677000,-2.00048371018,-1.02623426199,2.5340743706,-0.162214575679,0.986690107371,-0.00685644953891,0.00905828643765,-0.418804872697,-0.374153873084,-0.105236822896,0.0,0.0,0.0
1609056322674718000,2992,1609056322674718000,-2.04269976089,-1.06385184419,2.52378025975,-0.172227163133,0.984990391063,-0.00983215974316,0.00592135355986,-0.461613870183,-0.388661577905,-0.0576033513746,0.0,0.0,0.0
1609056322774710000,2993,1609056322774710000,-2.08905188955,-1.10182547578,2.51489673501,-0.182565064104,0.983108692568,-0.0125708792999,-0.00304449661132,-0.483653875685,-0.384039472191,-0.116095811882,0.0,0.0,0.0
1609056322874787000,2994,1609056322874787000,-2.132504542,-1.13555170694,2.49859201937,-0.192966267262,0.98106816449,-0.0114643545541,-0.0117407367121,-0.487629818897,-0.37814910237,-0.126380146401,0.0,0.0,0.0
1609056322974856000,2995,1609056322974856000,-2.17762884591,-1.17132579703,2.48486526602,-0.202376339959,0.978956934189,-0.0114795771651,-0.0235660207869,-0.475070112416,-0.368766252466,-0.101534644814,0.0,0.0,0.0
1609056323074821000,2996,1609056323074821000,-2.2204758275,-1.20682829223,2.47213861981,-0.211037105325,0.976807210466,-0.0119119284179,-0.0341923927141,-0.434492392626,-0.352430341999,-0.120317058659,0.0,0.0,0.0
1609056323174822000,2997,1609056323174822000,-2.26009513058,-1.24118311514,2.45930012492,-0.218952467627,0.974810239846,-0.0136269315964,-0.0402382895671,-0.384073476383,-0.331728122763,-0.135196125428,0.0,0.0,0.0
1609056323274843000,2998,1609056323274843000,-2.29844868158,-1.27533726807,2.44589891642,-0.226212045405,0.973074828299,-0.0143522085464,-0.0418031476533,-0.332377122523,-0.306965672121,-0.155672783885,0.0,0.0,0.0
1609056323374891000,2999,1609056323374891000,-2.33326097783,-1.30780437615,2.43249311904,-0.23431711404,0.971219211271,-0.0122805102471,-0.0409624559125,-0.281486924479,-0.290446669211,-0.150563557496,0.0,0.0,0.0
1609056323474926000,3000,1609056323474926000,-2.35854066938,-1.33655366963,2.41775857019,-0.242348924084,0.969440787465,-0.0115250772922,-0.0363143385949,-0.225802999193,-0.272549125646,-0.160990060115,0.0,0.0,0.0
1609056323574912000,3001,1609056323574912000,-2.38727651238,-1.36656759982,2.40806600143,-0.250709738314,0.967717097259,-0.00909559793934,-0.0241974561952,-0.201060467973,-0.269160602426,-0.0994293424387,0.0,0.0,0.0
1609056323675008000,3002,1609056323675008000,-2.41202404053,-1.39318841945,2.40566716667,-0.258856115978,0.965750600692,-0.0106220245888,-0.0143687535268,-0.19141753622,-0.270102250428,-0.0659743335981,0.0,0.0,0.0
1609056323775018000,3003,1609056323775018000,-2.42991438774,-1.41638995639,2.40631313566,-0.266657688201,0.96368734006,-0.0137247146861,-0.00346700695718,-0.195281755502,-0.261433560371,-0.0636791713049,0.0,0.0,0.0
1609056323875093000,3004,1609056323875093000,-2.44962964109,-1.44047088014,2.40629238495,-0.274984623906,0.961324819357,-0.0146206181075,0.00492806545146,-0.220967986267,-0.265902596367,0.0137217942888,0.0,0.0,0.0
1609056323975083000,3005,1609056323975083000,-2.47224524632,-1.46587378453,2.41026398317,-0.284038546118,0.958689469764,-0.0137361191976,0.00692270985117,-0.254244298788,-0.271493446166,0.0528004428081,0.0,0.0,0.0
1609056324075100000,3006,1609056324075100000,-2.49921274817,-1.4937461924,2.4139698581,-0.294385835286,0.955506738345,-0.0166904515018,0.00807971462364,-0.283123532105,-0.283436757629,0.0667944673596,0.0,0.0,0.0
1609056324175145000,3007,1609056324175145000,-2.53213896931,-1.52568883732,2.41589752256,-0.305554153631,0.951985761149,-0.0172540411544,0.00787831402269,-0.317551565244,-0.292881059858,0.0835422810333,0.0,0.0,0.0
1609056324275157000,3008,1609056324275157000,-2.57090065481,-1.56058516541,2.4181473605,-0.318039366669,0.94789969861,-0.0175962929972,0.00524338598892,-0.344767720713,-0.306183797798,0.088706529555,0.0,0.0,0.0
1609056324375191000,3009,1609056324375191000,-2.61297168885,-1.59859398021,2.41954345035,-0.330921411193,0.943447139524,-0.0197721331339,0.00275268775309,-0.381562114741,-0.305818327435,0.0846797970763,0.0,0.0,0.0
1609056324475188000,3010,1609056324475188000,-2.65676104169,-1.63614413638,2.42063875039,-0.343061474977,0.939100693935,-0.0199656030406,-0.000292801525948,-0.40029297254,-0.308047736976,0.0745964578672,0.0,0.0,0.0
1609056324575272000,3011,1609056324575272000,-2.69535886655,-1.67259550291,2.42243670773,-0.354808594355,0.934673608129,-0.0222488424172,-0.00104721095818,-0.412444819815,-0.3028556391,0.0678021914631,0.0,0.0,0.0
1609056324675282000,3012,1609056324675282000,-2.7357786028,-1.70796653266,2.42768541693,-0.366495421777,0.930060137236,-0.0256326705724,-0.00349473055686,-0.427534858116,-0.29215418655,0.0896611078974,0.0,0.0,0.0
1609056324775299000,3013,1609056324775299000,-2.77991371973,-1.7430768568,2.43441804668,-0.378184051338,0.925335043665,-0.0263178051313,-0.00626525445039,-0.437589556148,-0.2743409449,0.0791257577295,0.0,0.0,0.0
1609056324875316000,3014,1609056324875316000,-2.82385079578,-1.77151803313,2.44308786455,-0.39029156418,0.920334221357,-0.02527731313,-0.00429806571952,-0.437770623297,-0.258683283907,0.0558019248141,0.0,0.0,0.0
1609056324975343000,3015,1609056324975343000,-2.86520765164,-1.79585530523,2.45254460446,-0.403088276238,0.91481672815,-0.0250072995524,-0.0021978229785,-0.44348668236,-0.242840503561,0.0618727594312,0.0,0.0,0.0
1609056325075412000,3016,1609056325075412000,-2.90200342433,-1.815325183,2.46061737097,-0.415022901996,0.909524825024,-0.0228096032403,-0.000552706018757,-0.451395440689,-0.21850600546,0.064551779374,0.0,0.0,0.0
1609056325175410000,3017,1609056325175410000,-2.94829821846,-1.83715902032,2.46775583494,-0.425830383238,0.904599141994,-0.0191638625623,0.00127412194488,-0.474578564471,-0.201743272578,0.0380431548517,0.0,0.0,0.0
1609056325275445000,3018,1609056325275445000,-2.9911074312,-1.85782133792,2.47362206243,-0.43594936049,0.899869885369,-0.0134741879341,0.000889243443072,-0.47657648998,-0.207097332583,0.0319303933731,0.0,0.0,0.0
1609056325375422000,3019,1609056325375422000,-3.03989095365,-1.88012901668,2.47762446018,-0.447260020016,0.894362314969,-0.00844975558791,-0.00176796185541,-0.481958054033,-0.225338314453,0.055727987058,0.0,0.0,0.0
1609056325475501000,3020,1609056325475501000,-3.08630967779,-1.9022543233,2.48084185909,-0.458005152641,0.888898813754,-0.00397709489584,-0.00862332749745,-0.471829129242,-0.236883892608,0.0242021877596,0.0,0.0,0.0
1609056325575544000,3021,1609056325575544000,-3.1329411844,-1.92678171789,2.48020583192,-0.468818747606,0.883214420252,-0.00483145525998,-0.0108594102839,-0.439140457991,-0.255373133777,-0.00720233500011,0.0,0.0,0.0
1609056325675572000,3022,1609056325675572000,-3.17641535955,-1.95077243003,2.47844885801,-0.479321132222,0.877550299739,-0.00440801275783,-0.0117172119839,-0.429584893206,-0.252410073736,-0.0300749238986,0.0,0.0,0.0
1609056325775594000,3023,1609056325775594000,-3.22027413177,-1.97712746372,2.47562384992,-0.489062311926,0.872125257298,-0.0026766579143,-0.014436971268,-0.411240371318,-0.264716231798,-0.0322300673106,0.0,0.0,0.0
1609056325875608000,3024,1609056325875608000,-3.2601295037,-2.0050878898,2.47192321791,-0.497815490471,0.867089557792,-0.00150713989354,-0.0182528010335,-0.385032409716,-0.27197813884,-0.050768514713,0.0,0.0,0.0
1609056325975635000,3025,1609056325975635000,-3.29762542123,-2.03382077869,2.46796336811,-0.506593594343,0.861924891339,-0.00115643600964,-0.0211441366769,-0.34340854321,-0.286193908852,-0.0401039478443,0.0,0.0,0.0
1609056326075711000,3026,1609056326075711000,-3.33482225414,-2.06429900923,2.46534734022,-0.516009766504,0.85626600384,-0.00165944099141,-0.0232313967567,-0.296145578262,-0.29607785874,-0.0436978914925,0.0,0.0,0.0
1609056326175667000,3027,1609056326175667000,-3.37206993703,-2.09553590278,2.46189338838,-0.527326009075,0.849339184342,-0.00209893204787,-0.0233628889188,-0.242149654252,-0.306944278383,-0.0309677870721,0.0,0.0,0.0
1609056326275742000,3028,1609056326275742000,-3.3995889248,-2.12602233006,2.46162147439,-0.53909264594,0.841948679544,-0.00406509819866,-0.022023058011,-0.213834990318,-0.300511630765,-0.0212171587458,0.0,0.0,0.0
1609056326375770000,3029,1609056326375770000,-3.41762961426,-2.15437533056,2.46278074246,-0.549748130442,0.835092475356,-0.00614054722467,-0.0189695640225,-0.175999093013,-0.29452824153,-0.0100999964642,0.0,0.0,0.0
1609056326475800000,3030,1609056326475800000,-3.43354296369,-2.18341416814,2.46429590221,-0.559628526782,0.828535557254,-0.00962454475584,-0.0158779884033,-0.144926023009,-0.290679973813,0.00399980973372,0.0,0.0,0.0
1609056326575848000,3031,1609056326575848000,-3.44566388583,-2.21120475998,2.46696359844,-0.569937439376,0.82146312205,-0.0132729857079,-0.0139097864999,-0.11442989335,-0.282430843924,0.0212382795922,0.0,0.0,0.0
1609056326675848000,3032,1609056326675848000,-3.45443185727,-2.23955712894,2.46958872418,-0.580938588658,0.813717863091,-0.0150753212579,-0.0120967013447,-0.0944725714958,-0.271717970013,0.0152878242159,0.0,0.0,0.0
1609056326775869000,3033,1609056326775869000,-3.46566172359,-2.26667302661,2.47190128445,-0.591893314209,0.805808110648,-0.0162002445239,-0.00855251338995,-0.0854420856572,-0.26100634062,0.0117016396541,0.0,0.0,0.0
1609056326875849000,3034,1609056326875849000,-3.47247558547,-2.29105948877,2.47286438453,-0.602638286813,0.797872590456,-0.014081640786,-0.00530396641915,-0.0849684163307,-0.250653968952,0.0167021018755,0.0,0.0,0.0
1609056326975930000,3035,1609056326975930000,-3.47361837593,-2.31129840059,2.47444489884,-0.612037301754,0.790746697768,-0.0109732623798,-0.00309656954622,-0.0685005418634,-0.251929063482,0.0221933387752,0.0,0.0,0.0
1609056327076002000,3036,1609056327076002000,-3.47369898818,-2.33273577834,2.47621504887,-0.620784163782,0.783899921782,-0.011309632844,-0.000163808846649,-0.060246259266,-0.254761042088,0.0229751087049,0.0,0.0,0.0
1609056327176009000,3037,1609056327176009000,-3.47307537821,-2.35395358056,2.47755967352,-0.62942328429,0.776964904741,-0.0122753684232,0.00108688737148,-0.0469955281788,-0.258347424698,0.0246984090718,0.0,0.0,0.0
1609056327276041000,3038,1609056327276041000,-3.47789380098,-2.38031008742,2.47833533686,-0.637837394644,0.77003773936,-0.0141819768961,0.00205170332938,-0.0558203702341,-0.269187867428,0.0245129268825,0.0,0.0,0.0
1609056327376040000,3039,1609056327376040000,-3.48171669299,-2.40569659001,2.47997183849,-0.646487920721,0.762766436361,-0.0155059982873,0.000544003203182,-0.0534865031362,-0.265959264703,0.00801549883213,0.0,0.0,0.0
1609056327476057000,3040,1609056327476057000,-3.48627082904,-2.43139709546,2.48096309977,-0.655299726958,0.755187539196,-0.016532650927,0.000848495439852,-0.0600933994869,-0.266381542361,0.0323711607064,0.0,0.0,0.0
1609056327576087000,3041,1609056327576087000,-3.49258729558,-2.45697829826,2.48254695919,-0.662948805403,0.748506346413,-0.0153672674398,-0.000988880788559,-0.0734015066486,-0.260708256007,0.0110675495221,0.0,0.0,0.0
1609056327676134000,3042,1609056327676134000,-3.49968381933,-2.48364177479,2.4815286767,-0.670394389651,0.741871014222,-0.0140972869146,-0.000164570710198,-0.0670090410181,-0.261180019728,-0.0021372278883,0.0,0.0,0.0
1609056327776148000,3043,1609056327776148000,-3.50673777356,-2.50995902359,2.47966054906,-0.678208677639,0.73474637418,-0.0133868327251,0.00124415200007,-0.0582163709855,-0.261213141913,-0.0357268201185,0.0,0.0,0.0
1609056327876141000,3044,1609056327876141000,-3.51619369006,-2.53901837439,2.47705170456,-0.686364340824,0.727153666008,-0.0121188971691,0.00216101552049,-0.0591168818651,-0.271781194198,-0.0316673718587,0.0,0.0,0.0
1609056327976201000,3045,1609056327976201000,-3.52335885459,-2.56516571701,2.47565915838,-0.694172049686,0.719646109025,-0.0150052621203,0.00307982300912,-0.0562078028621,-0.272574160604,-0.0212214616192,0.0,0.0,0.0
1609056328076240000,3046,1609056328076240000,-3.529249968,-2.59021655331,2.47437015298,-0.70176869182,0.71211511886,-0.0194040568878,0.00602023656567,-0.0578198086427,-0.269979730664,-0.0222862155497,0.0,0.0,0.0
1609056328176251000,3047,1609056328176251000,-3.53622611034,-2.61666746092,2.47366372443,0.708805506305,-0.704946293369,0.0238680129734,-0.00870606992713,-0.0863521195509,-0.266925902993,-0.0163670253526,0.0,0.0,0.0
1609056328276289000,3048,1609056328276289000,-3.54484710295,-2.64199019022,2.47338147075,0.715466994602,-0.698041228334,0.0271467851044,-0.0104151447513,-0.112594373807,-0.264774366829,-0.00519403167497,0.0,0.0,0.0
1609056328376335000,3049,1609056328376335000,-3.55720977947,-2.66969264261,2.47304971057,0.722313894741,-0.690956904253,0.0271819889144,-0.0101159976407,-0.137622398206,-0.264313078818,-0.00392894437664,0.0,0.0,0.0
1609056328476362000,3050,1609056328476362000,-3.57098718482,-2.69546783312,2.47324563493,0.729913844633,-0.683099475253,0.0235377279989,-0.00684555931224,-0.146288605071,-0.26101899658,-0.0138258428055,0.0,0.0,0.0
1609056328576386000,3051,1609056328576386000,-3.58670341005,-2.72256576151,2.47401516819,0.737922071678,-0.674580083473,0.0200346100331,-0.0033677162502,-0.149622400308,-0.267644437448,0.0185984628673,0.0,0.0,0.0
1609056328676419000,3052,1609056328676419000,-3.60168389769,-2.74827575574,2.4779583748,0.745801403045,-0.665891451063,0.0192042754263,-0.000196015016261,-0.148924158739,-0.265345143846,0.0277936799495,0.0,0.0,0.0
1609056328776465000,3053,1609056328776465000,-3.61548451989,-2.7731532547,2.48179912787,0.753299880483,-0.657395428162,0.0192280855293,0.000906544906872,-0.140354366122,-0.261697490061,0.0554374065756,0.0,0.0,0.0
1609056328876502000,3054,1609056328876502000,-3.6281677047,-2.7964947056,2.4896634241,0.760439402086,-0.649100713914,0.0199943902031,-0.000635068028208,-0.140424214385,-0.253335898058,0.0592730320969,0.0,0.0,0.0
1609056328976506000,3055,1609056328976506000,-3.63962397257,-2.81767953545,2.49658598353,0.767887432132,-0.640403987639,0.015172033244,0.0011973289976,-0.122321200126,-0.245767744371,0.0373467894486,0.0,0.0,0.0
1609056329076536000,3056,1609056329076536000,-3.64964560951,-2.83826362175,2.50252466027,0.775326397979,-0.631395263068,0.0144052122402,-0.00121993135973,-0.105944328793,-0.245485948062,0.0434885388026,0.0,0.0,0.0
1609056329176553000,3057,1609056329176553000,-3.66319875328,-2.86814274674,2.50640989005,0.782694126399,-0.622181734056,0.0164737771025,-0.00289982342542,-0.097730527373,-0.255572988232,0.0666526647458,0.0,0.0,0.0
1609056329276594000,3058,1609056329276594000,-3.67393734668,-2.89368127632,2.51122193993,0.78999109812,-0.612770585329,0.0199571455918,-0.00529027291874,-0.100436998119,-0.256245325323,0.0541107306911,0.0,0.0,0.0
1609056329376645000,3059,1609056329376645000,-3.68395338896,-2.92193688309,2.5139419361,0.796797265003,-0.603876942057,0.0206833917326,-0.00435369286548,-0.103984456319,-0.260832521784,0.048540310028,0.0,0.0,0.0
1609056329476644000,3060,1609056329476644000,-3.69396233269,-2.94992967028,2.51746637848,0.802816764403,-0.595778762084,0.0229761438719,-0.00223746623067,-0.112979692614,-0.262356384283,0.0441499384693,0.0,0.0,0.0
1609056329576730000,3061,1609056329576730000,-3.70209544613,-2.97018795146,2.5214143098,0.808195826069,-0.588458706108,0.0231484011875,-9.72231568119e-05,-0.11752463958,-0.248489786643,0.0417293985609,0.0,0.0,0.0
1609056329676764000,3062,1609056329676764000,-3.71294022808,-2.99351390083,2.52576515428,0.813465704499,-0.581161180629,0.0229163794282,0.000263225357338,-0.115025621985,-0.230548675516,0.0233753523513,0.0,0.0,0.0
1609056329776721000,3063,1609056329776721000,-3.72518991432,-3.01515976412,2.52994122599,0.818887928188,-0.573542974447,0.0216809846685,-0.000975927182873,-0.11757665059,-0.217199247076,0.0221540248583,0.0,0.0,0.0
1609056329876820000,3064,1609056329876820000,-3.73405186558,-3.02703919638,2.53503644041,0.823773180434,-0.566664583204,0.0169888369919,-0.000613806197761,-0.121978679683,-0.205610110327,0.0172443477656,0.0,0.0,0.0
1609056329976829000,3065,1609056329976829000,-3.74801284933,-3.0496899526,2.53858038666,0.827536442908,-0.561292165483,0.0114734730886,0.00170295072087,-0.128784901934,-0.214082821803,0.0180369080852,0.0,0.0,0.0
1609056330076827000,3066,1609056330076827000,-3.75873152918,-3.06793652395,2.54004601945,0.830212549053,-0.557375361593,0.00189949501121,0.00873049841172,-0.0997873485286,-0.20946685528,0.00338801977314,0.0,0.0,0.0
1609056330176891000,3067,1609056330176891000,-3.76935558788,-3.09417611698,2.53962651598,0.833339773563,-0.552621119531,-0.00209283042605,0.0122613256788,-0.0232382163165,-0.201399017338,0.00463020999745,0.0,0.0,0.0
1609056330276876000,3068,1609056330276876000,-3.77171159479,-3.11751293712,2.53944223926,0.837687626672,-0.546100255893,0.00218543626643,0.00701245339503,0.0321923204896,-0.192845882436,-0.0196334784558,0.0,0.0,0.0
1609056330376993000,3069,1609056330376993000,-3.76955268041,-3.14454681325,2.53603864006,0.842436960588,-0.538752437765,0.00649832047752,-0.001884162311,0.0717990290119,-0.193388706625,-0.0418605715356,0.0,0.0,0.0
1609056330476974000,3070,1609056330476974000,-3.77020573611,-3.17621503311,2.53224399342,0.847266943344,-0.530840850909,0.0130081826071,-0.0133230967888,0.0744708517137,-0.21367174608,-0.0527101014338,0.0,0.0,0.0
1609056330576975000,3071,1609056330576975000,-3.77207744615,-3.21302416503,2.52805045204,0.852304956643,-0.522561674972,0.0149409812974,-0.0168024941579,0.0591832399037,-0.252650694444,-0.0543081795287,0.0,0.0,0.0
1609056330677113000,3072,1609056330677113000,-3.77024861405,-3.24521993693,2.52271955555,0.857712214322,-0.513742508287,0.0138012336759,-0.0144193803821,0.0512098166513,-0.276909485035,-0.0535727810741,0.0,0.0,0.0
1609056330777059000,3073,1609056330777059000,-3.76396289132,-3.27249418067,2.51695756577,0.863380196596,-0.504330888224,0.0118100429028,-0.00924738856505,0.0619392707224,-0.29495397159,-0.045856876198,0.0,0.0,0.0
1609056330877068000,3074,1609056330877068000,-3.75819823947,-3.30467614879,2.51136789754,0.869287434397,-0.49418042425,0.0110595165457,-0.0016588492058,0.080397899606,-0.301364949563,-0.0535709425659,0.0,0.0,0.0
1609056330977083000,3075,1609056330977083000,-3.74892674805,-3.33443384036,2.50550502202,0.876022891706,-0.482114185043,0.0105495603513,0.00620584918212,0.121983013963,-0.28383748607,-0.0540246396989,0.0,0.0,0.0
1609056331077154000,3076,1609056331077154000,-3.73583016831,-3.36448316926,2.49864213048,0.883157553603,-0.468743231566,0.0121022508316,0.0128861902393,0.143497726645,-0.263504885207,-0.0908554280561,0.0,0.0,0.0
1609056331177228000,3077,1609056331177228000,-3.71949411808,-3.38889013329,2.48967924623,0.889843852848,-0.455641293212,0.0114850564265,0.0209050938078,0.174328780887,-0.226929115775,-0.087785384363,0.0,0.0,0.0
1609056331277167000,3078,1609056331277167000,-3.69880981179,-3.4070624974,2.48283448343,0.896320901016,-0.442442276994,0.0117992077633,0.0267292466389,0.210516397521,-0.170152095339,-0.118438706643,0.0,0.0,0.0
1609056331377207000,3079,1609056331377207000,-3.67582826177,-3.42406449394,2.47356587636,0.902438999107,-0.429710249917,0.0109429436475,0.0288653077542,0.247387550094,-0.118888524359,-0.124322642387,0.0,0.0,0.0
1609056331477306000,3080,1609056331477306000,-3.64856788513,-3.43403173943,2.46344021473,0.908348300135,-0.417217811777,0.0126490764132,0.0259357676467,0.285931038097,-0.0643214401108,-0.128469444662,0.0,0.0,0.0
1609056331577364000,3081,1609056331577364000,-3.61894088188,-3.43672297808,2.45210847411,0.913376756981,-0.406175949903,0.0171696856606,0.0216610115584,0.301349903539,-0.0275322758108,-0.0854231807037,0.0,0.0,0.0
1609056331677429000,3082,1609056331677429000,-3.588874881,-3.43562740366,2.44470485835,0.916751542106,-0.398233407717,0.0234431791656,0.0206683423457,0.303789427952,0.0166762848134,-0.0754367141477,0.0,0.0,0.0
1609056331777361000,3083,1609056331777361000,-3.55926653901,-3.43153983829,2.43689211407,0.919021517898,-0.392873824854,0.0286778068626,0.015072849045,0.298987994915,0.0606860093449,-0.0961684630075,0.0,0.0,0.0
1609056331877388000,3084,1609056331877388000,-3.52959798373,-3.42480844675,2.42649106536,0.92146476581,-0.3871132994,0.0310883729596,0.00891582105485,0.294212086649,0.104103638285,-0.107558095072,0.0,0.0,0.0
1609056331977449000,3085,1609056331977449000,-3.50076193029,-3.4158821105,2.41739984625,0.923713125168,-0.3816826073,0.0320696404585,0.00663233268605,0.277698691945,0.125700374777,-0.0678446822366,0.0,0.0,0.0
1609056332077436000,3086,1609056332077436000,-3.4734859711,-3.4054411662,2.41267992714,0.925830942607,-0.376352439965,0.0343649076831,0.00386778543004,0.258248116403,0.154514222755,-0.0715422725695,0.0,0.0,0.0
1609056332177477000,3087,1609056332177477000,-3.44810867481,-3.3911169654,2.40557890717,0.92877587113,-0.368836616989,0.0364946851428,0.00175189348772,0.243923545652,0.190472297036,-0.0533967483027,0.0,0.0,0.0
1609056332277508000,3088,1609056332277508000,-3.42431080418,-3.38084137852,2.39991447113,0.932275220612,-0.359796514902,0.0375218561329,0.00122115074536,0.211514302028,0.209539252846,-0.0667917217781,0.0,0.0,0.0
1609056332377577000,3089,1609056332377577000,-3.40464481575,-3.35868238528,2.39438122516,0.936037087201,-0.350069597967,0.0357607233843,-0.00264926887981,0.181580339472,0.238866694041,-0.0523897128348,0.0,0.0,0.0
1609056332477571000,3090,1609056332477571000,-3.38741290215,-3.34467781952,2.38844806356,0.940410006227,-0.33860238788,0.030598169584,-0.00641834302652,0.157222026964,0.250002733395,-0.0611950515734,0.0,0.0,0.0
1609056332577586000,3091,1609056332577586000,-3.3728406932,-3.32554589311,2.38322323484,0.94568482478,-0.323967860718,0.0252189306485,-0.00943625670318,0.142114912339,0.254052284259,-0.0291855554836,0.0,0.0,0.0
1609056332677588000,3092,1609056332677588000,-3.36092763399,-3.30418421011,2.38124569999,0.951151082672,-0.307769259363,0.0210653324041,-0.0120810882703,0.118018965984,0.237728207858,-0.047485238147,0.0,0.0,0.0
1609056332777643000,3093,1609056332777643000,-3.35231783896,-3.28291554359,2.38006267522,0.956012217694,-0.292396438156,0.0180922374896,-0.0147524071334,0.111254609237,0.217660205393,0.00514325334308,0.0,0.0,0.0
1609056332877677000,3094,1609056332877677000,-3.34420936289,-3.26141535017,2.38172182794,0.960582201528,-0.277099410523,0.0176209077677,-0.0136840931394,0.0973162113298,0.194396195063,0.0163259610145,0.0,0.0,0.0
1609056332977802000,3095,1609056332977802000,-3.33064244261,-3.24394061626,2.38164789139,0.964767757285,-0.262117043496,0.0184619299633,-0.0133036519259,0.0914173716059,0.176039708647,0.0168611452626,0.0,0.0,0.0
1609056333077734000,3096,1609056333077734000,-3.31876981353,-3.2275337868,2.38072673192,0.968818002845,-0.24667525834,0.0188997780589,-0.0136305786883,0.0836465276526,0.162225514701,0.00857839674142,0.0,0.0,0.0
1609056333177767000,3097,1609056333177767000,-3.30926493215,-3.2109943478,2.38074825662,0.972698659028,-0.230764953279,0.0181699502566,-0.0165743166301,0.0784672083101,0.153721637545,0.0173844766869,0.0,0.0,0.0
1609056333277808000,3098,1609056333277808000,-3.30212782823,-3.19694419173,2.38307083634,0.976811349578,-0.212604324798,0.0184298568972,-0.017301121001,0.0707092819908,0.149160209387,0.0179984921383,0.0,0.0,0.0
1609056333377796000,3099,1609056333377796000,-3.29872611708,-3.18394829903,2.3867598235,0.981073490168,-0.192155000843,0.0165384248702,-0.0172552323445,0.0545287543879,0.13099914269,0.0276630530563,0.0,0.0,0.0
1609056333477810000,3100,1609056333477810000,-3.29195471026,-3.17489277154,2.38806928581,0.984516226058,-0.173932960199,0.0137183357581,-0.016939104118,0.0316256626161,0.0523372091967,0.00782902634875,0.0,0.0,0.0
1609056333577851000,3101,1609056333577851000,-3.28810954574,-3.16701644515,2.39046071601,0.985633617819,-0.167846223128,0.0123986611552,-0.0141523852356,0.0221573684313,-0.0135268164794,0.0147322558975,0.0,0.0,0.0
1609056333677934000,3102,1609056333677934000,-3.2727528902,-3.16509835809,2.38822085366,0.985812096173,-0.166828347996,0.0144058719162,-0.0116311735575,0.0432143919415,-0.0388603700439,0.0429209976605,0.0,0.0,0.0
1609056333777908000,3103,1609056333777908000,-3.26810959203,-3.16900881711,2.38983604733,0.985632173017,-0.167457860934,0.0204207687793,-0.0083711724519,0.0349139498476,-0.0475548507769,0.0354979603608,0.0,0.0,0.0
1609056333877967000,3104,1609056333877967000,-3.2531197095,-3.15988400356,2.39245745644,0.985413048035,-0.168013063934,0.026649181695,-0.00474933934867,0.0194588712881,-0.0236036986405,-0.0468913288946,0.0,0.0,0.0
1609056333978004000,3105,1609056333978004000,-3.25503605991,-3.16586801079,2.39026868734,0.985525101792,-0.168113366069,0.0216544331863,-0.00304227061075,-0.000911351751352,-0.0130164517909,-0.0731807821661,0.0,0.0,0.0
1609056334078041000,3106,1609056334078041000,-3.24814966825,-3.1559496532,2.38612222982,0.985740879965,-0.16746501146,0.0163327497626,-0.0019049379001,0.0095024707706,0.0161752641354,-0.0783485281468,0.0,0.0,0.0
1609056334178064000,3107,1609056334178064000,-3.24754025875,-3.15963573037,2.37427380203,0.985889978707,-0.166931995884,0.0124285236731,0.000436387710675,0.00847184395899,0.0136023696209,-0.09820285968,0.0,0.0,0.0
1609056334278085000,3108,1609056334278085000,-3.24432268419,-3.15850771136,2.36403178231,0.985926392398,-0.166787858652,0.0112032623148,0.00233364366274,0.0215777162056,0.0294538171436,-0.089637167905,0.0,0.0,0.0
1609056334378086000,3109,1609056334378086000,-3.23252755051,-3.15259084883,2.35624429494,0.98573204058,-0.167764832711,0.0135531471286,0.00190191572266,0.0366595215893,0.031244649752,-0.0622661893545,0.0,0.0,0.0
1609056334478172000,3110,1609056334478172000,-3.22796992671,-3.14610237444,2.34756673076,0.984449738561,-0.174818927547,0.0171732388566,0.0014610565476,0.0324643809561,0.0314014981151,-0.0517367007899,0.0,0.0,0.0
1609056334578199000,3111,1609056334578199000,-3.22486822518,-3.14008492157,2.343557151,0.983193372893,-0.181658650015,0.0181885133737,-0.000323040488957,0.0255925095999,0.0489186422973,-0.0789643472848,0.0,0.0,0.0
1609056334678175000,3112,1609056334678175000,-3.22467698965,-3.13977623068,2.33510507668,0.981936248987,-0.188339549683,0.018041873769,0.00197680102752,0.0208918369212,0.059188606825,-0.0781232865615,0.0,0.0,0.0
1609056334778196000,3113,1609056334778196000,-3.21818974698,-3.13362384551,2.32503117903,0.980381906528,-0.195943100625,0.0208066044489,0.00497029996832,0.0195868204555,0.0817200904451,-0.075317613196,0.0,0.0,0.0
1609056334878289000,3114,1609056334878289000,-3.21832149496,-3.12136165892,2.31991574063,0.978865739759,-0.203240050443,0.0218940293443,0.00599974167122,0.00355136629481,0.12118798111,-0.0907342448447,0.0,0.0,0.0
1609056334978278000,3115,1609056334978278000,-3.21711319402,-3.12025665163,2.31055308655,0.977552878467,-0.209697894816,0.0203236434293,0.00202786295438,-0.000421990479793,0.135894851853,-0.0613242439816,0.0,0.0,0.0
1609056335078267000,3116,1609056335078267000,-3.21933079003,-3.10732194036,2.30366039678,0.975802153214,-0.217550861909,0.0216929693539,0.00334594483106,-0.0217011644887,0.136662174086,-0.0498912014457,0.0,0.0,0.0
1609056335178331000,3117,1609056335178331000,-3.21849010774,-3.09552937686,2.30319147684,0.973539677481,-0.227514025081,0.0213699560441,0.00109075192681,-0.0303227724648,0.146994740073,-0.017713540224,0.0,0.0,0.0
1609056335278411000,3118,1609056335278411000,-3.22098113292,-3.0827241254,2.2992848616,0.972117026604,-0.233377427479,0.0228332685413,0.00145078537423,-0.0163150511289,0.216338597575,-0.00479639864164,0.0,0.0,0.0
1609056335378369000,3119,1609056335378369000,-3.21621030395,-3.06892227625,2.29543644787,0.971965875896,-0.23387345952,0.0240645120712,0.00253777174929,-0.0199501493197,0.234236756366,0.0154207934007,0.0,0.0,0.0
1609056335478417000,3120,1609056335478417000,-3.21731189536,-3.04178466289,2.29961229594,0.97194955897,-0.233504592409,0.0278484546192,0.00375815331356,-0.0292552690017,0.261169832898,0.06833012063,0.0,0.0,0.0
1609056335578448000,3121,1609056335578448000,-3.20746431037,-3.01626958463,2.30676528313,0.971899753476,-0.233317532102,0.0310864215402,0.00272631680293,-0.0379749843888,0.281340998487,0.0847182795036,0.0,0.0,0.0
1609056335678539000,3122,1609056335678539000,-3.20898923621,-2.98080652068,2.32023407043,0.971741445266,-0.233120540899,0.0370548625566,0.000560468784144,-0.0663983487537,0.306380924573,0.128545575996,0.0,0.0,0.0
1609056335778635000,3123,1609056335778635000,-3.21592101761,-2.9481584739,2.33004260418,0.971608162851,-0.233542674516,0.0378670940266,0.00121665610476,-0.109592552215,0.326158518487,0.104612131783,0.0,0.0,0.0
1609056335878591000,3124,1609056335878591000,-3.21685715848,-2.90105523688,2.34413613206,0.971416875825,-0.234672598338,0.0356757940905,0.0022940503899,-0.136317252781,0.358604062448,0.0798046203156,0.0,0.0,0.0
1609056335978621000,3125,1609056335978621000,-3.24047842216,-2.86603815375,2.3514837346,0.971477849848,-0.235115266168,0.0307493322557,0.0024652456982,-0.172330291088,0.389206682618,0.0702682867386,0.0,0.0,0.0
1609056336078610000,3126,1609056336078610000,-3.25763230225,-2.82688731913,2.35731940163,0.97144946346,-0.235376609446,0.0294550432921,0.00402393993414,-0.188951811123,0.416248741141,0.0989201431874,0.0,0.0,0.0
1609056336178630000,3127,1609056336178630000,-3.27634999649,-2.78402559906,2.36472846283,0.971443506822,-0.235550131557,0.0285158264824,0.000704426790692,-0.207827289433,0.447742460576,0.0969258803131,0.0,0.0,0.0
1609056336278681000,3128,1609056336278681000,-3.29702459357,-2.7393725712,2.37317282159,0.971482523249,-0.235826902432,0.0242021078291,-0.0046515683254,-0.226798435102,0.474795723112,0.0760012033512,0.0,0.0,0.0
1609056336378689000,3129,1609056336378689000,-3.32091305293,-2.6956290791,2.38584388968,0.971385802941,-0.236183596932,0.0220372241292,-0.0118865948384,-0.244789862172,0.471789403652,0.0923164566122,0.0,0.0,0.0
1609056336478787000,3130,1609056336478787000,-3.35225099711,-2.66142863332,2.40432218588,0.971244254369,-0.236659515096,0.0180776839823,-0.0187101472922,-0.265502202755,0.447650133697,0.0673811559788,0.0,0.0,0.0
1609056336578763000,3131,1609056336578763000,-3.37298389771,-2.61674649639,2.41094705644,0.971208051271,-0.236748469206,0.0146641204202,-0.0221370062827,-0.2647565305,0.419075459873,0.0925845808347,0.0,0.0,0.0
1609056336678787000,3132,1609056336678787000,-3.40747444136,-2.58019708617,2.41427509701,0.971262133393,-0.236657675794,0.0132946049997,-0.021593198073,-0.269947567963,0.391549340781,0.105919513972,0.0,0.0,0.0
1609056336778807000,3133,1609056336778807000,-3.43567959009,-2.54163800886,2.4254624038,0.97143195308,-0.236213749188,0.0113411049152,-0.0198596215919,-0.269705258627,0.373419044638,0.109826367173,0.0,0.0,0.0
1609056336878842000,3134,1609056336878842000,-3.46404800708,-2.50725059601,2.4376675746,0.971566894551,-0.235765675734,0.0108819457061,-0.0188121985722,-0.265112492482,0.352755741031,0.11146177921,0.0,0.0,0.0
1609056336979283000,3135,1609056336979283000,-3.49586926798,-2.48037284108,2.45020584272,0.971719134496,-0.235254144317,0.00680689949392,-0.0192633682285,-0.261931176816,0.334766988209,0.0761578935407,0.0,0.0,0.0
1609056337078897000,3136,1609056337078897000,-3.52622613527,-2.45312872172,2.46004639966,0.971903599688,-0.2346062097,0.00205748223402,-0.0189495659787,-0.240001417915,0.314284617709,0.104880859191,0.0,0.0,0.0
1609056337178979000,3137,1609056337178979000,-3.56185127223,-2.43181663279,2.46842907017,0.971875963719,-0.234657428382,0.0023415587983,-0.0196855162971,-0.221842033779,0.283716500876,0.152634249039,0.0,0.0,0.0
1609056337278976000,3138,1609056337278976000,-3.58855872692,-2.40098625376,2.48271076506,0.971984410735,-0.234328926639,0.00264239240665,-0.0181459965669,-0.194362915277,0.262758963217,0.180204255423,0.0,0.0,0.0
1609056337378994000,3139,1609056337378994000,-3.60920712817,-2.37708596203,2.499806431,0.972047243036,-0.234282542278,0.00480625924926,-0.0145858685417,-0.170107968631,0.243455618624,0.200100966085,0.0,0.0,0.0
1609056337479439000,3140,1609056337479439000,-3.62589474828,-2.34555086211,2.5162942227,0.972031568242,-0.234312495624,0.0111244441606,-0.0113371723776,-0.15025135466,0.234177756361,0.246931504428,0.0,0.0,0.0
1609056337579018000,3141,1609056337579018000,-3.64727881482,-2.32505420647,2.53823211379,0.971975528609,-0.234387574587,0.0157601535332,-0.00881216351507,-0.155148367229,0.243030089283,0.189330436392,0.0,0.0,0.0
1609056337679068000,3142,1609056337679068000,-3.68515117441,-2.33007542377,2.56240491007,0.97189445182,-0.234613465948,0.0151155012717,-0.0122154712994,-0.163989374552,0.234908739707,0.16555004422,0.0,0.0,0.0
1609056337779073000,3143,1609056337779073000,-3.74875994299,-2.37549700334,2.58336299617,0.971766441733,-0.235049311904,0.0131260107181,-0.0157959341923,-0.178148999138,0.200699759827,0.165403519433,0.0,0.0,0.0
1609056337879127000,3144,1609056337879127000,-3.77685681412,-2.36265610656,2.59887741622,0.971489478223,-0.235434993099,0.0131715694819,-0.0245981195051,-0.184217153905,0.169560386355,0.18173057041,0.0,0.0,0.0
1609056337979479000,3145,1609056337979479000,-3.79870190442,-2.34244263962,2.61352707293,0.971265723242,-0.23591205022,0.0116212499133,-0.0292120859692,-0.184913513885,0.138009842684,0.188056114926,0.0,0.0,0.0
1609056338079321000,3146,1609056338079321000,-3.82384938571,-2.33775013065,2.62752366236,0.971166137056,-0.236215946618,0.00998033883549,-0.0306390867194,-0.18610168128,0.0926271440465,0.184038016147,0.0,0.0,0.0
1609056338179190000,3147,1609056338179190000,-3.8722565371,-2.35020040511,2.63928741201,0.971109061811,-0.236446441857,0.01246327614,-0.0297478898526,-0.189644868206,0.0415497199507,0.195112987074,0.0,0.0,0.0
1609056338279253000,3148,1609056338279253000,-3.88967153945,-2.3512724243,2.65589718529,0.971028663668,-0.236670772761,0.0152954738354,-0.0292630848661,-0.195781406309,-0.00205156813676,0.190776342542,0.0,0.0,0.0
1609056338379275000,3149,1609056338379275000,-3.9062669941,-2.36017845112,2.67368607942,0.971166866074,-0.236649446906,0.0185273972845,-0.0221064033406,-0.202152106019,-0.0417975505692,0.187063795975,0.0,0.0,0.0
1609056338479309000,3150,1609056338479309000,-3.92394966758,-2.37401972691,2.69091239453,0.971261706637,-0.236589527984,0.0236495208103,-0.0108070640591,-0.215225908997,-0.0590300386796,0.180652124237,0.0,0.0,0.0
1609056338579381000,3151,1609056338579381000,-3.94585629848,-2.38769950493,2.70582879056,0.971075523142,-0.236631573358,0.0317738740901,-0.00287189309153,-0.231525744573,-0.0478903862847,0.181764408414,0.0,0.0,0.0
1609056338679363000,3152,1609056338679363000,-3.98316744674,-2.41968967925,2.70668304517,0.970512461008,-0.237227654463,0.0425928221912,0.00380190524555,-0.268721619404,-0.0260805168902,0.133988718233,0.0,0.0,0.0
1609056338779401000,3153,1609056338779401000,-4.01464765461,-2.42730988604,2.72056572785,0.970046952997,-0.237610863576,0.0499153982294,0.00764457395523,-0.324235391666,0.0161186672301,0.0752319135815,0.0,0.0,0.0
1609056338879435000,3154,1609056338879435000,-4.05943224424,-2.40587614776,2.72844344608,0.969773315074,-0.23795781519,0.0531165792437,0.00971723051567,-0.383065901148,0.0755743806383,0.0655088294882,0.0,0.0,0.0
1609056338979428000,3155,1609056338979428000,-4.09436336501,-2.3974726592,2.73546399194,0.969552154099,-0.238278758725,0.0551365774335,0.0123211789734,-0.439793676614,0.129157241413,0.0599095581848,0.0,0.0,0.0
1609056339079459000,3156,1609056339079459000,-4.11705791718,-2.40828806197,2.73691366871,0.969464668913,-0.238455821333,0.0557348825712,0.0130652158724,-0.489165076102,0.180524187191,0.0190734100114,0.0,0.0,0.0
1609056339179504000,3157,1609056339179504000,-4.17160858436,-2.38718177821,2.74298315378,0.969709769502,-0.238573661167,0.0517050872725,0.00849441464357,-0.550456430384,0.23948868597,-0.0147192936116,0.0,0.0,0.0
1609056339279526000,3158,1609056339279526000,-4.23495470215,-2.35707550715,2.74313483262,0.97007654087,-0.238756312544,0.0440973200918,-0.0015344168848,-0.604734529876,0.281025586456,-0.0136735693715,0.0,0.0,0.0
1609056339380030000,3159,1609056339380030000,-4.30369821552,-2.32284454306,2.74117989561,0.970206585049,-0.239001971114,0.0378106946784,-0.0121487241397,-0.646300527719,0.298059760547,0.0076787116101,0.0,0.0,0.0
1609056339479620000,3160,1609056339479620000,-4.37255227824,-2.2934098507,2.74214163784,0.9701901233,-0.239270319534,0.0327227906795,-0.020249884249,-0.683369642358,0.285002520681,0.0190508379393,0.0,0.0,0.0
1609056339579665000,3161,1609056339579665000,-4.4569492171,-2.26462704172,2.74775065457,0.970113724153,-0.23919693631,0.0300088559301,-0.0276343343534,-0.717340991043,0.258846083436,0.0455912691942,0.0,0.0,0.0
1609056339679664000,3162,1609056339679664000,-4.52730248472,-2.24120239567,2.74315307024,0.970168478746,-0.238854310078,0.0275003783514,-0.0310720227171,-0.746218784376,0.215997151564,0.0533116460946,0.0,0.0,0.0
1609056339779671000,3163,1609056339779671000,-4.60802997201,-2.22317523211,2.74351937121,0.970272253488,-0.23842887791,0.0283732232335,-0.0303048592378,-0.77673495285,0.172700206655,0.05992715204,0.0,0.0,0.0
1609056339879705000,3164,1609056339879705000,-4.68558873792,-2.21034437489,2.74908790613,0.970673685466,-0.238145702416,0.0239069771438,-0.0225316934373,-0.805060321395,0.135472308325,0.0149755969882,0.0,0.0,0.0
1609056339979786000,3165,1609056339979786000,-4.76613116785,-2.19938536157,2.75524395597,0.971021323235,-0.238015679826,0.0150841505594,-0.0154465006683,-0.80871509945,0.11071850886,-0.00341301034879,0.0,0.0,0.0
1609056340079781000,3166,1609056340079781000,-4.84662576519,-2.18707115841,2.75362551348,0.971175437849,-0.2380156612,0.00802568644574,-0.0101194021806,-0.78885055285,0.0981030516706,0.0131956958971,0.0,0.0,0.0
1609056340180160000,3167,1609056340180160000,-4.93645528386,-2.17140674938,2.74995041426,0.971269849713,-0.23782732335,0.00502953681452,-0.00690992525281,-0.765884232518,0.0980382918474,0.0225818675288,0.0,0.0,0.0
1609056340279873000,3168,1609056340279873000,-5.00854548497,-2.1623207584,2.74714154015,0.971287181,-0.237794278706,0.00524758215191,-0.00524937337398,-0.730085388049,0.0978693529781,0.0402737655382,0.0,0.0,0.0
1609056340379868000,3169,1609056340379868000,-5.06207833095,-2.16299371922,2.73765948551,0.971290642123,-0.237770758795,0.007402415126,-0.00218152164796,-0.697547738718,0.0912921038865,0.0580407042039,0.0,0.0,0.0
1609056340479880000,3170,1609056340479880000,-5.13146261808,-2.1536388494,2.7435481244,0.971291106306,-0.237566011778,0.0124890603382,1.51676503042e-05,-0.672359630825,0.10611567072,0.0496856546779,0.0,0.0,0.0
1609056340579927000,3171,1609056340579927000,-5.1978228673,-2.14302366336,2.7453312252,0.971240202623,-0.237467924518,0.0173445611408,0.000787294857639,-0.663431211732,0.115057691699,0.0302363915271,0.0,0.0,0.0
1609056340679975000,3172,1609056340679975000,-5.26380227814,-2.13073820146,2.74685368406,0.971157875389,-0.237470770638,0.0212290107875,0.00305667514061,-0.661372089344,0.13678135334,0.0133163378402,0.0,0.0,0.0
1609056340779990000,3173,1609056340779990000,-5.32313714694,-2.11977238575,2.73535802995,0.97107975808,-0.237673269796,0.0223037945975,0.00424982557742,-0.661049672762,0.156852933399,0.000508161442548,0.0,0.0,0.0
1609056340880053000,3174,1609056340880053000,-5.39286815952,-2.10297566743,2.74135979188,0.971089800254,-0.237663770915,0.0219930818138,0.00410319270606,-0.666631237831,0.180298136007,-0.000449617125345,0.0,0.0,0.0
1609056340980070000,3175,1609056340980070000,-5.46111731063,-2.08347276669,2.74346533014,0.97118532423,-0.237307884326,0.0217714215088,0.00316847624166,-0.666762555786,0.205687910445,0.0136206073835,0.0,0.0,0.0
1609056341080095000,3176,1609056341080095000,-5.52907908364,-2.06157766888,2.74602402477,0.971336947529,-0.236784695715,0.0208597737739,0.00155308697853,-0.667914844223,0.223066309012,0.0224794765633,0.0,0.0,0.0
1609056341180156000,3177,1609056341180156000,-5.59904994056,-2.03633256427,2.75094568956,0.971475057348,-0.236446721326,0.018053224708,0.00180055642947,-0.669116773403,0.239507908951,0.0251842077354,0.0,0.0,0.0
1609056341280151000,3178,1609056341280151000,-5.66515834667,-2.01120969252,2.75147608369,0.971503049771,-0.236315778378,0.0183424037608,0.000483113577683,-0.661377262967,0.252782495728,0.036646017326,0.0,0.0,0.0
1609056341380800000,3179,1609056341380800000,-5.72936140311,-1.98587103309,2.74889055517,0.971432726193,-0.236405839158,0.0207401909258,-0.000763002544804,-0.65856214503,0.259666197405,0.0250505154162,0.0,0.0,0.0
1609056341480244000,3180,1609056341480244000,-5.79533860446,-1.95798512006,2.75041955212,0.97132397886,-0.236717950577,0.0220339333142,-0.00297418028381,-0.664853836119,0.266436923626,0.00951855556932,0.0,0.0,0.0
1609056341580236000,3181,1609056341580236000,-5.86186499936,-1.92982211211,2.75008049287,0.971221410188,-0.23705863946,0.0227403394724,-0.00387953742015,-0.668737446888,0.265252279535,0.0141068317939,0.0,0.0,0.0
1609056341680206000,3182,1609056341680206000,-5.94721842214,-1.88570996967,2.75315664232,0.971124707712,-0.237212984952,0.0252972682045,-0.00261726250042,-0.682131338829,0.283125829555,0.0111118596496,0.0,0.0,0.0
1609056341780303000,3183,1609056341780303000,-6.01568601931,-1.85704248314,2.7602655832,0.971048800947,-0.237468898718,0.0259367077282,0.000188451519708,-0.693179676873,0.295623915125,-0.000747745838012,0.0,0.0,0.0
1609056341880295000,3184,1609056341880295000,-6.08625305762,-1.82462894764,2.76645403939,0.971127779988,-0.237468035557,0.0227981836691,9.92286337642e-05,-0.698783486381,0.314839277656,-0.0042125922236,0.0,0.0,0.0
1609056341980339000,3185,1609056341980339000,-6.1567932459,-1.79168469632,2.76910660432,0.971165229935,-0.237637782016,0.0191049950236,-0.00117468714397,-0.697992686473,0.325175194724,0.0123495698601,0.0,0.0,0.0
1609056342080407000,3186,1609056342080407000,-6.22722769753,-1.75760556696,2.77386548557,0.971217612382,-0.237881573149,0.0114586424369,-0.00417205810785,-0.697423207502,0.330159273772,-0.0253219699516,0.0,0.0,0.0
1609056342180433000,3187,1609056342180433000,-6.29529327236,-1.72084086143,2.7790434449,0.97111747562,-0.238381011509,-0.000107956148658,-0.0102630522689,-0.672243726938,0.325530510022,-0.0348939931942,0.0,0.0,0.0
1609056342280414000,3188,1609056342280414000,-6.36173729812,-1.68798227196,2.77310136014,0.971025909231,-0.238361852363,-0.00886740774452,-0.0146177980801,-0.626055899459,0.301546796689,-0.00959202810335,0.0,0.0,0.0
1609056342380444000,3189,1609056342380444000,-6.42959184512,-1.64912696229,2.78122359778,0.970946584099,-0.238152753757,-0.014640299474,-0.018211489095,-0.576066613338,0.269765731649,-0.0176669822216,0.0,0.0,0.0
1609056342480468000,3190,1609056342480468000,-6.4957930675,-1.62300668866,2.7603367809,0.971027975398,-0.237791404017,-0.0140911334107,-0.0190094484196,-0.517906476837,0.222130443153,-0.0128597828976,0.0,0.0,0.0
1609056342580539000,3191,1609056342580539000,-6.53613749479,-1.60941364019,2.74768413958,0.971197551474,-0.237439949625,-0.0104655138845,-0.0169723113646,-0.466398374313,0.179858661715,-0.074584257716,0.0,0.0,0.0
1609056342680554000,3192,1609056342680554000,-6.56544014853,-1.60022647574,2.71799521998,0.971304839519,-0.237236634972,-0.00948359112569,-0.0139910418877,-0.418670621381,0.136163914281,-0.12781577663,0.0,0.0,0.0
1609056342780599000,3193,1609056342780599000,-6.59899632627,-1.58868685765,2.70595625433,0.971372920063,-0.237180655692,-0.0102366977467,-0.00867160609504,-0.367417379823,0.112109812463,-0.17406959649,0.0,0.0,0.0
1609056342880586000,3194,1609056342880586000,-6.63476304781,-1.5788869395,2.6914927527,0.971361796068,-0.237321785705,-0.0100489626935,-0.00580082040559,-0.314224448978,0.0955152839594,-0.182330099006,0.0,0.0,0.0
1609056342980612000,3195,1609056342980612000,-6.66617825078,-1.57173535346,2.67664761972,0.971338812416,-0.237508288927,-0.00894363611336,-0.00327651608844,-0.261913592452,0.0800408745669,-0.164897798175,0.0,0.0,0.0
1609056343080700000,3196,1609056343080700000,-6.6817043809,-1.56878585254,2.65848186634,0.971375787722,-0.237424033057,-0.00763036594971,-0.000827689763469,-0.203552385847,0.0765518504816,-0.162256007974,0.0,0.0,0.0
1609056343180670000,3197,1609056343180670000,-6.69193563861,-1.56440702217,2.63412524591,0.971428131016,-0.237243715012,-0.0063859614228,0.00142318506722,-0.151338632323,0.0723652921468,-0.149942407335,0.0,0.0,0.0
1609056343280755000,3198,1609056343280755000,-6.69860419258,-1.56073951741,2.62048634794,0.971450510386,-0.237221369087,-0.00277353474768,0.00149513374384,-0.103911588645,0.0682125945065,-0.135170294528,0.0,0.0,0.0
1609056343380746000,3199,1609056343380746000,-6.70402784033,-1.55203850798,2.60692384037,0.971436492664,-0.23729024483,-0.000686933325734,0.00200213674569,-0.067089960752,0.0752578759631,-0.140843076285,0.0,0.0,0.0
1609056343480789000,3200,1609056343480789000,-6.70323797419,-1.5481507867,2.59391705433,0.971376859343,-0.237518429855,0.00111443919803,0.00327881653488,-0.0311788472146,0.0814967653977,-0.144282485556,0.0,0.0,0.0
1609056343580818000,3201,1609056343580818000,-6.69394615219,-1.54709517802,2.57743811218,0.971329889375,-0.237686857756,0.00355474399189,0.00325076169148,0.0030632144456,0.0895917125289,-0.177334037493,0.0,0.0,0.0
1609056343680882000,3202,1609056343680882000,-6.69088970792,-1.536395733,2.56042465315,0.971248505373,-0.238024285593,0.0044202715312,0.00111421669672,0.0275546793465,0.0984245545401,-0.192031625998,0.0,0.0,0.0
1609056343780853000,3203,1609056343780853000,-6.71782322876,-1.54082711391,2.52871535473,0.97125091948,-0.237981154462,0.00595555765486,-0.0010737143335,0.0397148121325,0.0976975777568,-0.200785866081,0.0,0.0,0.0
1609056343880890000,3204,1609056343880890000,-6.702339392,-1.52908975717,2.50367789258,0.971164421539,-0.238237173612,0.00864491175058,-0.00282505715832,0.0633518377031,0.108176171306,-0.208506122144,0.0,0.0,0.0
1609056343980928000,3205,1609056343980928000,-6.6997634666,-1.5166763467,2.48310117047,0.971134807303,-0.238224418164,0.0110966313485,-0.00481429201039,0.0681766021792,0.104221166302,-0.23531899424,0.0,0.0,0.0
1609056344080929000,3206,1609056344080929000,-6.69538394678,-1.50325558667,2.46164600209,0.97110336136,-0.238206262335,0.0122269238666,-0.00815723441367,0.0747109782525,0.103297574672,-0.240096091244,0.0,0.0,0.0
1609056344181005000,3207,1609056344181005000,-6.67278501849,-1.50030465905,2.43461838057,0.971054138696,-0.238176099773,0.0154909574658,-0.00927552993748,0.083418297597,0.0880166136007,-0.209600757099,0.0,0.0,0.0
1609056344281030000,3208,1609056344281030000,-6.65350998528,-1.49636033257,2.41052739284,0.971011171018,-0.238153971871,0.0195321435129,-0.00620377390278,0.0805205414972,0.0869359889056,-0.207858065017,0.0,0.0,0.0
1609056344381064000,3209,1609056344381064000,-6.64959599705,-1.48424516433,2.39413645738,0.971047268839,-0.237900808725,0.0213167334833,-0.00400047025813,0.0675735378048,0.0914039930096,-0.202155645381,0.0,0.0,0.0
1609056344481092000,3210,1609056344481092000,-6.63387650024,-1.47568357537,2.38219287481,0.971055659061,-0.237760402235,0.0226920872225,-0.00244280831877,0.0554202960924,0.0884817901376,-0.181148488877,0.0,0.0,0.0
1609056344581092000,3211,1609056344581092000,-6.63566108947,-1.46273639519,2.36749302368,0.971101829342,-0.237550311621,0.0230437130353,0.000271638085014,0.0380613569224,0.105594297039,-0.174964966241,0.0,0.0,0.0
1609056344681172000,3212,1609056344681172000,-6.63645045747,-1.449084996,2.3529734331,0.971122262758,-0.237566950973,0.0219810316688,0.00057343586512,0.023715712714,0.121529103154,-0.171183413098,0.0,0.0,0.0
1609056344781139000,3213,1609056344781139000,-6.63300506076,-1.43699122787,2.33643776588,0.971136559589,-0.237589108593,0.0210739113063,0.00104325005762,0.0182901298697,0.144024964206,-0.157241493175,0.0,0.0,0.0
1609056344881161000,3214,1609056344881161000,-6.62786310571,-1.42454678572,2.32074188202,0.971137739995,-0.23741704559,0.0229041978861,-0.000184768789114,0.0111603037835,0.15892461514,-0.133266845236,0.0,0.0,0.0
1609056344981218000,3215,1609056344981218000,-6.61898799508,-1.41204735297,2.30477962958,0.971062255686,-0.237327987573,0.026523482593,-0.00316650724718,-0.000639408392377,0.166278308132,-0.113069295441,0.0,0.0,0.0
1609056345081256000,3216,1609056345081256000,-6.61904725709,-1.39387311503,2.29305403671,0.970980898588,-0.23724739669,0.0295638040703,-0.00597903258342,-0.0262572007443,0.17442728408,-0.139059970005,0.0,0.0,0.0
1609056345181305000,3217,1609056345181305000,-6.63216912073,-1.36834244158,2.28582141751,0.970910942297,-0.237308165212,0.0294441619247,-0.0122400236696,-0.0626442503616,0.175127579433,-0.159439104745,0.0,0.0,0.0
1609056345281356000,3218,1609056345281356000,-6.64796764278,-1.34538034056,2.27567972401,0.970931464304,-0.237333165589,0.0276169623911,-0.0142254534022,-0.0979770579493,0.161774730178,-0.166911479012,0.0,0.0,0.0
1609056345381348000,3219,1609056345381348000,-6.66794063171,-1.32647476053,2.26180970387,0.971049261337,-0.237418291201,0.022148862327,-0.0143288156743,-0.130286768521,0.147393451983,-0.190400791939,0.0,0.0,0.0
1609056345481370000,3220,1609056345481370000,-6.68319877819,-1.31072984519,2.24268144628,0.971178139905,-0.237433173998,0.0169850602426,-0.0122481093881,-0.138444828366,0.137621881783,-0.186940258949,0.0,0.0,0.0
1609056345581389000,3221,1609056345581389000,-6.69343580029,-1.29818497684,2.21701645534,0.971201715239,-0.237594056862,0.0140235127227,-0.0109377123506,-0.138666051599,0.123999743467,-0.207982963899,0.0,0.0,0.0
1609056345681461000,3222,1609056345681461000,-6.7062219166,-1.28620504184,2.19334436592,0.971135549316,-0.238063332296,0.011159154399,-0.00985230648858,-0.132702309885,0.114275724062,-0.209312105372,0.0,0.0,0.0
1609056345781440000,3223,1609056345781440000,-6.71438374042,-1.28658951457,2.18190829813,0.971061468667,-0.238394453148,0.0111267989098,-0.0091598648939,-0.131575419962,0.103322815494,-0.197675300628,0.0,0.0,0.0
1609056345881512000,3224,1609056345881512000,-6.72702015272,-1.27692349948,2.15913382988,0.970913017951,-0.239056202782,0.0111084228906,-0.00752638196717,-0.123815343706,0.104853806164,-0.212230721342,0.0,0.0,0.0
1609056345981478000,3225,1609056345981478000,-6.73930905463,-1.26754608413,2.13872236614,0.970777399774,-0.239566335912,0.0120427586502,-0.00736089325846,-0.116285798965,0.102204172657,-0.181001627219,0.0,0.0,0.0
1609056346081516000,3226,1609056346081516000,-6.75016338183,-1.2567498053,2.1226327684,0.970658253132,-0.239944194507,0.0142118224451,-0.00688209645429,-0.111913624709,0.104018928117,-0.141883443193,0.0,0.0,0.0
1609056346181576000,3227,1609056346181576000,-6.76439038351,-1.24463480364,2.11116277469,0.970611273107,-0.24008046739,0.0149392731408,-0.00720720559458,-0.1125066091,0.1095316798,-0.140991694499,0.0,0.0,0.0
1609056346281606000,3228,1609056346281606000,-6.78076681224,-1.23403708376,2.10048353284,0.970690952348,-0.239843052707,0.0137469576946,-0.00673841610093,-0.111980513174,0.114343995153,-0.129695445003,0.0,0.0,0.0
1609056346381606000,3229,1609056346381606000,-6.79247244669,-1.22186051447,2.08961593403,0.970757613505,-0.239530983898,0.0132518596965,-0.00888548190602,-0.108009498313,0.11877906309,-0.118065716827,0.0,0.0,0.0
1609056346481674000,3230,1609056346481674000,-6.80868552337,-1.20642884656,2.08138349367,0.970850437912,-0.239211799335,0.0112330842489,-0.0100478894941,-0.109819315252,0.115068173388,-0.133493742261,0.0,0.0,0.0
1609056346581710000,3231,1609056346581710000,-6.82592332183,-1.19440722126,2.06957816521,0.97094958509,-0.238921050156,0.00854598384321,-0.0100300132298,-0.103088678916,0.110162003784,-0.124804461156,0.0,0.0,0.0
1609056346681741000,3232,1609056346681741000,-6.83416954795,-1.18552769577,2.05466373599,0.970982577124,-0.238693807952,0.00756153146653,-0.0126855905748,-0.0879665884444,0.102396394368,-0.0996010320752,0.0,0.0,0.0
1609056346781786000,3233,1609056346781786000,-6.8425499178,-1.17574949175,2.04341807231,0.97100027187,-0.238547573537,0.00628347908893,-0.0146302795158,-0.0770073172484,0.0913730503989,-0.10313856993,0.0,0.0,0.0
1609056346881803000,3234,1609056346881803000,-6.84067007796,-1.18023167844,2.02896969255,0.971030050274,-0.238355972926,0.00587514237657,-0.0158919582411,-0.0661029906861,0.0647390752431,-0.119277048785,0.0,0.0,0.0
1609056346981838000,3235,1609056346981838000,-6.84512714169,-1.17386494923,2.0116650747,0.971050968394,-0.238284833323,0.00600682125313,-0.0156292382219,-0.0530656883453,0.0486650880194,-0.151090287749,0.0,0.0,0.0
1609056347081855000,3236,1609056347081855000,-6.85084847898,-1.16871584096,1.99490856327,0.971074760598,-0.238229225817,0.00579700964314,-0.0150678457611,-0.0446457290213,0.0319066421252,-0.192441864837,0.0,0.0,0.0
1609056347181878000,3237,1609056347181878000,-6.85670529534,-1.1641706045,1.97341580343,0.97110502949,-0.238216603916,0.00566444959535,-0.0132584059811,-0.0315376200356,0.0217441596797,-0.242702489105,0.0,0.0,0.0
1609056347281896000,3238,1609056347281896000,-6.85633185954,-1.16311714631,1.94694850207,0.971113903883,-0.238204716936,0.00649516502213,-0.0124141591097,-0.0152306033401,0.0123788603363,-0.260383345441,0.0,0.0,0.0
1609056347381891000,3239,1609056347381891000,-6.84966624988,-1.16535510195,1.92020493638,0.971045216142,-0.238408123468,0.00782995954507,-0.0130937620922,-0.00246589288656,0.000863457683715,-0.241092091577,0.0,0.0,0.0
1609056347481981000,3240,1609056347481981000,-6.84351705282,-1.16794678139,1.89720554455,0.97101400625,-0.238452693294,0.00998675392443,-0.013129260194,0.0109444245229,-0.00662084555341,-0.215720852984,0.0,0.0,0.0
1609056347581989000,3241,1609056347581989000,-6.84655893982,-1.16653430396,1.87627468189,0.970975170071,-0.238596307673,0.0110735480893,-0.0125059027644,0.0108657004866,-0.0206700585749,-0.231538906784,0.0,0.0,0.0
1609056347681996000,3242,1609056347681996000,-6.85063280918,-1.16581179787,1.85581714965,0.970956002477,-0.238730888883,0.0114224015073,-0.0110241865822,0.012331969477,-0.0264567834279,-0.21453204563,0.0,0.0,0.0
1609056347782032000,3243,1609056347782032000,-6.85039575938,-1.16761041597,1.8366864122,0.970912687669,-0.238977362001,0.0113695818151,-0.00943959659574,0.0135686645726,-0.0299458566662,-0.200572446897,0.0,0.0,0.0
1609056347882065000,3244,1609056347882065000,-6.85244029312,-1.16833549249,1.81954590622,0.970942299555,-0.23899722018,0.00918069428137,-0.008191125262,0.0159046529585,-0.0310687605522,-0.221393010935,0.0,0.0,0.0
1609056347982104000,3245,1609056347982104000,-6.85327491745,-1.17061957196,1.80033639205,0.970905002072,-0.239124853478,0.00826374528726,-0.00972069514202,0.0255056825826,-0.0225905114834,-0.23498653101,0.0,0.0,0.0
1609056348082113000,3246,1609056348082113000,-6.84731861324,-1.17585447169,1.77391883944,0.970856728415,-0.239220549086,0.00772193397227,-0.0122928240395,0.0364090580134,-0.0295654651686,-0.240816902111,0.0,0.0,0.0
1609056348182158000,3247,1609056348182158000,-6.84409706818,-1.17804368021,1.74870600927,0.970861000448,-0.239228695882,0.00698633653382,-0.0122368287528,0.0445188459652,-0.0405532407645,-0.259489358856,0.0,0.0,0.0
1609056348282224000,3248,1609056348282224000,-6.84232861383,-1.1733254859,1.7240263496,0.970857207274,-0.239268554228,0.00532833270173,-0.0125877286169,0.0562831450109,-0.0394019772981,-0.275657798778,0.0,0.0,0.0
1609056348382216000,3249,1609056348382216000,-6.83069534879,-1.17564028825,1.69166324144,0.970837660094,-0.239297048408,0.00558836424993,-0.0134138194111,0.0793172465393,-0.0479337007068,-0.24432633698,0.0,0.0,0.0
1609056348482257000,3250,1609056348482257000,-6.78515001229,-1.21035249652,1.68295161894,0.970805536937,-0.239257757681,0.0069388719999,-0.0156264806536,0.097144114265,-0.0600907868324,-0.251325391117,0.0,0.0,0.0
1609056348582280000,3251,1609056348582280000,-6.77282807419,-1.22018503151,1.66470529088,0.970837001147,-0.239092209885,0.00765982689153,-0.0158669287551,0.10839801268,-0.0763053001109,-0.242358780139,0.0,0.0,0.0
1609056348682320000,3252,1609056348682320000,-6.75954368035,-1.23383993797,1.64469466804,0.970956886477,-0.238641756335,0.00858541838675,-0.0148029499509,0.116500239741,-0.0969150612703,-0.193774364232,0.0,0.0,0.0
1609056348782341000,3253,1609056348782341000,-6.7491332784,-1.24294543309,1.62890397264,0.971070276409,-0.2381605476,0.0101971316646,-0.0140744572953,0.119816650103,-0.10407081653,-0.172933175659,0.0,0.0,0.0
1609056348882391000,3254,1609056348882391000,-6.73944721934,-1.24637393972,1.61250562964,0.971111954623,-0.237875312285,0.0108592930147,-0.0154590798204,0.124283391986,-0.110341514453,-0.146807500007,0.0,0.0,0.0
1609056348982401000,3255,1609056348982401000,-6.72926266374,-1.25866738584,1.59935117261,0.971162502488,-0.237662991621,0.0101412502371,-0.0160265784813,0.124404435638,-0.129437738108,-0.151878670622,0.0,0.0,0.0
1609056349082432000,3256,1609056349082432000,-6.71885810275,-1.27487338099,1.58807087892,0.971307943058,-0.237418405734,0.0077213203536,-0.0115655342521,0.123845922809,-0.154047212678,-0.137247879052,0.0,0.0,0.0
1609056349182442000,3257,1609056349182442000,-6.7036052611,-1.2836688662,1.57102869891,0.971365022716,-0.237389525063,0.00706355931538,-0.00680530406725,0.140207786068,-0.151877169749,-0.174444997644,0.0,0.0,0.0
1609056349282472000,3258,1609056349282472000,-6.68382693484,-1.2955087706,1.54973635135,0.971395392656,-0.237320694176,0.00789421727311,-0.00274965033232,0.160816966552,-0.137811801302,-0.191463152057,0.0,0.0,0.0
1609056349382540000,3259,1609056349382540000,-6.66439944628,-1.31060955492,1.52913211899,0.971386044107,-0.237267281705,0.0101657648303,-0.00316979053352,0.180072704438,-0.122948732682,-0.196348843709,0.0,0.0,0.0
1609056349482570000,3260,1609056349482570000,-6.64692972457,-1.32572575677,1.51171661376,0.971328067552,-0.237313176074,0.0131635140101,-0.00556448978604,0.189065591736,-0.113653243797,-0.213516635773,0.0,0.0,0.0
1609056349582573000,3261,1609056349582573000,-6.63046036766,-1.33746777377,1.49526219675,0.971337621517,-0.23701647746,0.0151926314701,-0.00977744272669,0.189932435995,-0.109814986678,-0.197424311833,0.0,0.0,0.0
1609056349682601000,3262,1609056349682601000,-6.61308024769,-1.3479815625,1.47990157783,0.971452737804,-0.236580198363,0.014659559031,-0.00972035416764,0.186429075971,-0.119801600634,-0.167718716452,0.0,0.0,0.0
1609056349782644000,3263,1609056349782644000,-6.59356259352,-1.35927641448,1.46201197711,0.971461082131,-0.236500945306,0.0166661204915,-0.0072738712158,0.186894505627,-0.121399098869,-0.126623298189,0.0,0.0,0.0
1609056349882679000,3264,1609056349882679000,-6.57044156674,-1.37385236214,1.44427246614,0.971356709436,-0.236781486269,0.0197899753461,-0.00300460801163,0.192989828973,-0.10522422344,-0.0463108343098,0.0,0.0,0.0
1609056349982744000,3265,1609056349982744000,-6.55038104867,-1.38368334543,1.4392718051,0.971162471939,-0.236884850554,0.026150232576,-0.00672205414569,0.181488963657,-0.0959584924598,-0.00840051910446,0.0,0.0,0.0
1609056350082715000,3266,1609056350082715000,-6.52834959723,-1.39147477034,1.44627572656,0.971016595698,-0.237128127322,0.0292148112588,-0.00659673510012,0.162736094016,-0.0787434582959,-0.000136729079139,0.0,0.0,0.0
1609056350182758000,3267,1609056350182758000,-6.51220880006,-1.40587267293,1.44790847205,0.970894374702,-0.237061080628,0.0327671600795,-0.00961615531204,0.137868549257,-0.0764564902476,-0.0175943244567,0.0,0.0,0.0
1609056350282789000,3268,1609056350282789000,-6.50157832671,-1.41311644865,1.44560137027,0.970803224365,-0.237441480828,0.0325333506521,-0.0102090078314,0.102338103485,-0.0728809556452,-0.0486890623488,0.0,0.0,0.0
1609056350382808000,3269,1609056350382808000,-6.49412614943,-1.4207093027,1.44459151882,0.970753787694,-0.237822196874,0.0314861418332,-0.00929027574939,0.0724492878256,-0.0669059904509,-0.0703904741881,0.0,0.0,0.0
1609056350482839000,3270,1609056350482839000,-6.48697939788,-1.42736667053,1.43729746894,0.970819248419,-0.23773858727,0.0303426019337,-0.00834730678669,0.0501986142993,-0.0617343600646,-0.0792449572946,0.0,0.0,0.0
1609056350582845000,3271,1609056350582845000,-6.48193459885,-1.43067196461,1.4389172339,0.970876549337,-0.237735759892,0.0283119660358,-0.00888070922467,0.0212708993725,-0.0532623553755,-0.1281466194,0.0,0.0,0.0
1609056350682913000,3272,1609056350682913000,-6.48251577022,-1.43511040798,1.43642898374,0.970986671845,-0.237851424516,0.0236303262966,-0.00729319093118,0.000409021637153,-0.0437499897455,-0.157639676376,0.0,0.0,0.0
1609056350782926000,3273,1609056350782926000,-6.48608264593,-1.44028946655,1.42155883881,0.971071727105,-0.237939954651,0.018135414457,-0.00868248466169,-0.0171580221678,-0.0456000514257,-0.187301370728,0.0,0.0,0.0
1609056350882942000,3274,1609056350882942000,-6.48767535473,-1.44318824763,1.40030725076,0.971142926601,-0.238063603135,0.0118575593264,-0.00815691503687,-0.0120996811144,-0.0507743727814,-0.1591781633,0.0,0.0,0.0
1609056350982981000,3275,1609056350982981000,-6.48469462874,-1.4479796862,1.37689505752,0.97115712128,-0.238017441308,0.0096788321493,-0.0103857416387,0.00714172234304,-0.0593778919884,-0.146703617756,0.0,0.0,0.0
1609056351082987000,3276,1609056351082987000,-6.48722863772,-1.45594996971,1.34658443895,0.971143949762,-0.237935226583,0.0104929175622,-0.0124962183293,0.026608796088,-0.0714887875698,-0.140978173409,0.0,0.0,0.0
1609056351183011000,3277,1609056351183011000,-6.48952725628,-1.45567552599,1.33520644145,0.97061809553,-0.240463156351,0.00755899591912,-0.00456559391056,-0.0614725736802,0.00984268760031,-0.0134411963931,0.0,0.0,0.0
1609056351283083000,3278,1609056351283083000,-6.49318713272,-1.45537108055,1.33219857123,0.970845833772,-0.239367491784,0.00577653765088,-0.011322655907,-0.0108648796371,0.10213122747,0.00331247248313,0.0,0.0,0.0
1609056351383112000,3279,1609056351383112000,-6.49117745908,-1.45737159062,1.32277347275,0.971273371052,-0.237719864497,0.0102030672705,-0.00363347314434,-0.00559282434633,0.109998027224,0.000436079887151,0.0,0.0,0.0
1609056351483087000,3280,1609056351483087000,-6.48788744425,-1.44831942029,1.30445217976,0.971543864203,-0.23634095083,0.0153662979358,-0.00305806758999,-0.0326002753248,0.0343653404721,0.050382948611,0.0,0.0,0.0
1609056351583142000,3281,1609056351583142000,-6.49254367749,-1.44372483306,1.31392376243,0.971600715219,-0.236011522896,0.0167270073067,0.00328914467962,-0.0355978830625,0.00514012980193,-0.0347043006469,0.0,0.0,0.0
1609056351683202000,3282,1609056351683202000,-6.49337344552,-1.43829958654,1.32519785103,0.971285044427,-0.237000651731,0.0208775858719,-0.00042421594587,-0.0178172284857,0.028854912138,-0.0138962304101,0.0,0.0,0.0
1609056351783180000,3283,1609056351783180000,-6.49394177329,-1.43695447869,1.32654045743,0.971232131847,-0.237087553405,0.0222325394934,0.00183092188827,-0.0155973453046,0.0200388816286,-0.0159504315328,0.0,0.0,0.0
1609056351883148000,3284,1609056351883148000,-6.49823548158,-1.43525248554,1.32959071291,0.971247288664,-0.236912508837,0.0234701073389,0.000566992200229,0.000849455568499,0.0222258815735,-0.0256157614139,0.0,0.0,0.0
1609056351983276000,3285,1609056351983276000,-6.49938913868,-1.45920128597,1.33441458429,0.97135224151,-0.236559157473,0.0226654316733,0.00093066405896,0.0105705489164,-0.0044753016953,-0.0243215441672,0.0,0.0,0.0
1609056352083393000,3286,1609056352083393000,-6.49841720395,-1.46104503512,1.33715964695,0.97132172333,-0.236745481057,0.0220377678221,0.000154196068996,0.00189040142356,-0.00265764377453,-0.0180491691117,0.0,0.0,0.0
1609056352183378000,3287,1609056352183378000,-6.49861889844,-1.46183668567,1.33756135417,0.971340614857,-0.23674737293,0.0211616922916,0.000523563353575,0.00436901452402,0.000905670937617,-0.0159503691214,0.0,0.0,0.0
1609056352283369000,3288,1609056352283369000,-6.49851978534,-1.46232553995,1.33726187244,0.971349878783,-0.236741605915,0.0208019575821,0.000321835312305,0.00754211934877,-0.00301257395788,-0.0175685990257,0.0,0.0,0.0
1609056352383420000,3289,1609056352383420000,-6.49706328533,-1.46187107228,1.3370820603,0.971355916534,-0.236751857428,0.0204010147372,0.000200040948655,0.00433054856066,-0.00555400565369,-0.0173006993861,0.0,0.0,0.0
1609056352483416000,3290,1609056352483416000,-6.49690693118,-1.4618353311,1.33615534139,0.971356081521,-0.236764518394,0.0202465082615,6.80078834996e-05,0.00554364111948,-0.00198520116078,-0.018236696869,0.0,0.0,0.0
1609056352583459000,3291,1609056352583459000,-6.49753725982,-1.46201688961,1.33443497662,0.971356601172,-0.236777118139,0.0200723610547,0.000223622961382,0.00252696926149,-0.00340932981408,-0.0163719523625,0.0,0.0,0.0
1609056352683466000,3292,1609056352683466000,-6.49728295537,-1.46209976389,1.33591398053,0.971369722403,-0.236769254523,0.0195214887773,0.000306573201018,0.00453577392948,-0.00557105087359,-0.0127216651472,0.0,0.0,0.0
1609056352783502000,3293,1609056352783502000,-6.4941445367,-1.46165590288,1.34427844102,0.971368915839,-0.23680838562,0.0190843180068,-8.15328211061e-05,0.00802288192954,-0.0107369432251,-0.0154098172553,0.0,0.0,0.0
1609056352883531000,3294,1609056352883531000,-6.49158811732,-1.4618101081,1.34829582885,0.971405305822,-0.236724801674,0.0182488010816,-0.000285221626575,0.0110171395015,-0.00968580130554,-0.00948244379728,0.0,0.0,0.0
1609056352983574000,3295,1609056352983574000,-6.49218658103,-1.46247611523,1.34741527193,0.971414551991,-0.236750917868,0.0173954211718,-0.000412784061377,0.00752467847849,-0.00256703665929,-0.0112715013191,0.0,0.0,0.0
1609056353083585000,3296,1609056353083585000,-6.49414587298,-1.46327360868,1.34892076505,0.971441684049,-0.236720297699,0.0162590041232,-0.000447140668682,0.00363159746634,-0.0033608599786,-0.0074873099493,0.0,0.0,0.0
1609056353183636000,3297,1609056353183636000,-6.48973744649,-1.46253802583,1.33950445448,0.971302061838,-0.237196194803,0.0176144055242,5.05830239036e-05,-0.0107236145996,0.00630310064248,0.00655999412496,0.0,0.0,0.0
1609056353283602000,3298,1609056353283602000,-6.48707267854,-1.46042398328,1.32177085479,0.971098092546,-0.237684225599,0.0217641867395,0.0010117956493,-0.0340796807081,0.00794350379406,0.00640999171284,0.0,0.0,0.0
1609056353383637000,3299,1609056353383637000,-6.4906076151,-1.45771845188,1.30534553691,0.971096385301,-0.237204209008,0.0264708315809,0.00229537803522,-0.0123306797272,0.0190841569244,0.0133638009394,0.0,0.0,0.0
1609056353483771000,3300,1609056353483771000,-6.49196785275,-1.45547669245,1.32154728319,0.971108896527,-0.236763983059,0.0296990335464,0.00288007259453,-0.00211608174558,0.00196865697493,-0.0127968831591,0.0,0.0,0.0
1609056353583777000,3301,1609056353583777000,-6.49289349363,-1.45657981415,1.35029283585,0.971120518122,-0.236772306625,0.0292148313806,0.00321056476055,0.0177033769212,-0.0135528817756,-0.0166130215996,0.0,0.0,0.0
1609056353683771000,3302,1609056353683771000,-6.49404706603,-1.45759251215,1.35616305371,0.971105816295,-0.237052019307,0.0274730033448,0.00225117459647,0.0080846716312,-0.00100824287131,-0.0110355723181,0.0,0.0,0.0
1609056353783797000,3303,1609056353783797000,-6.49565621429,-1.45881107465,1.35410352783,0.971141189351,-0.237031350251,0.02639215596,0.00209366861286,0.0114232896067,-0.00117485079601,-0.0088221834348,0.0,0.0,0.0
1609056353883826000,3304,1609056353883826000,-6.49352287191,-1.45804116036,1.34514242943,0.971134666169,-0.237056965279,0.0264043096195,0.00206586793772,-0.00411784142228,-0.00601989847748,-0.00425831251112,0.0,0.0,0.0
1609056353983824000,3305,1609056353983824000,-6.49285298515,-1.45745455413,1.33867169343,0.971107977753,-0.237109422154,0.0269108791751,0.00205476314829,-0.00268947743623,0.00950884470116,-0.000202884821071,0.0,0.0,0.0
1609056354083872000,3306,1609056354083872000,-6.49314243688,-1.45749034106,1.34229650803,0.971066025857,-0.237172035836,0.027814071279,0.00256442642339,0.00157373208857,-0.00567158919134,-0.00566128966881,0.0,0.0,0.0
1609056354183894000,3307,1609056354183894000,-6.49270057845,-1.45673845814,1.34033394012,0.971055267702,-0.23716781647,0.0282236532981,0.0025532909005,-0.00293557790409,0.00227018105108,0.00328693692979,0.0,0.0,0.0
1609056354283986000,3308,1609056354283986000,-6.49243498015,-1.45679237061,1.34679056832,0.971063706506,-0.237136932618,0.028174949733,0.00274322837435,0.0118856485112,0.00275033071543,-0.00725222452439,0.0,0.0,0.0
1609056354383948000,3309,1609056354383948000,-6.49144268722,-1.45636554076,1.34430473824,0.97101826452,-0.237201574579,0.0291487016911,0.00304896308406,-0.0075361371427,0.00329258355198,0.00673055398952,0.0,0.0,0.0
1609056354484040000,3310,1609056354484040000,-6.49118922878,-1.45544976882,1.33726495223,0.970968027285,-0.237253379517,0.0303199335896,0.00355324137264,-0.0041855164413,0.00441527808713,0.00095380451926,0.0,0.0,0.0
1609056354584002000,3311,1609056354584002000,-6.4926040519,-1.45516620484,1.3414683807,0.970952437614,-0.237141315105,0.0316455634091,0.00373080132412,0.00307189530431,0.00458344429288,-0.00109300533084,0.0,0.0,0.0
1609056354684062000,3312,1609056354684062000,-6.49308152135,-1.45531131304,1.34950460463,0.971025567918,-0.23684293029,0.0316412225539,0.00368861167462,0.0056523506131,0.00131989946426,-0.00347967654551,0.0,0.0,0.0
1609056354784095000,3313,1609056354784095000,-6.5085851257,-1.45856859111,1.35634417024,0.971066268118,-0.236789758323,0.0308006301956,0.00349777887392,0.007492047299,-0.00466792930402,-0.00460367146032,0.0,0.0,0.0
1609056354884106000,3314,1609056354884106000,-6.50162228663,-1.45704697196,1.35859624542,0.971025032538,-0.237052874548,0.0300902780311,0.00330091206919,0.00872660052042,0.000727941380504,0.00100365672041,0.0,0.0,0.0
1609056354984144000,3315,1609056354984144000,-6.5059182976,-1.45871586149,1.36264093449,0.971086354232,-0.236788984887,0.0301808203125,0.00337451414556,0.0019807573933,0.00333358901042,0.00724883978181,0.0,0.0,0.0
1609056355084212000,3316,1609056355084212000,-6.50582930114,-1.45829832283,1.36295426662,0.971045918375,-0.236857692743,0.03091637756,0.00352638546972,0.00204762416911,0.00342821591107,0.00819340583054,0.0,0.0,0.0
1609056355184225000,3317,1609056355184225000,-6.50640975098,-1.45832258005,1.36338972944,0.971025457701,-0.236892199883,0.0312915698127,0.00353324073618,0.00674806723767,0.00171558304495,0.00300871057303,0.0,0.0,0.0
1609056355284243000,3318,1609056355284243000,-6.50620529003,-1.45836167785,1.36328466893,0.971071950092,-0.236752859085,0.0309076126109,0.00347432617011,0.0083518991277,-0.00150100902996,-0.00160820997904,0.0,0.0,0.0
1609056355384267000,3319,1609056355384267000,-6.50616356108,-1.45856672216,1.36277329951,0.971065310243,-0.236860831989,0.0303040235322,0.00328263156445,0.0067851945801,0.000115724247528,0.000523167752504,0.0,0.0,0.0
1609056355484272000,3320,1609056355484272000,-6.50618949042,-1.45868006601,1.36212551758,0.971058952833,-0.236902271006,0.0301828886552,0.00328897373239,0.00225194149565,0.00339737661881,0.00390251398809,0.0,0.0,0.0
1609056355584356000,3321,1609056355584356000,-6.5056698947,-1.45834091993,1.36177972679,0.971063047448,-0.236814471027,0.0307206107808,0.00342173429656,-0.000190835489609,0.00233788674678,0.00620643670231,0.0,0.0,0.0
1609056355684346000,3322,1609056355684346000,-6.5055785282,-1.45798797769,1.36204314169,0.971032319548,-0.236880849699,0.0311694333773,0.00348767293096,0.00430549462909,0.00119831714711,0.00380999653808,0.0,0.0,0.0
1609056355784421000,3323,1609056355784421000,-6.50559857048,-1.45796013792,1.36232501473,0.971037754155,-0.236877924937,0.0310252143175,0.00345901148409,0.00780091330831,0.000106193843661,-0.000657003056397,0.0,0.0,0.0
1609056355884403000,3324,1609056355884403000,-6.50540580866,-1.45813075683,1.36208741681,0.971065920318,-0.236824686731,0.0305606220184,0.00333084563701,0.00687034274858,-0.000613941387493,-0.000881548556995,0.0,0.0,0.0
1609056355984442000,3325,1609056355984442000,-6.50550031075,-1.45829012207,1.36157300395,0.971060396859,-0.236876883127,0.0303363004319,0.00327975121436,0.00399495913631,0.000699832862872,0.00234504261039,0.0,0.0,0.0
1609056356084482000,3326,1609056356084482000,-6.5054398353,-1.45815528083,1.36127119912,0.971046464071,-0.236893074767,0.0306462579216,0.00335300142481,0.00206251720477,0.00282586766905,0.004589941636,0.0,0.0,0.0
1609056356184497000,3327,1609056356184497000,-6.50551054586,-1.45810492774,1.36139469499,0.971046772635,-0.236832123034,0.0310934959859,0.0034504147468,0.00350117190554,0.000959804072924,0.00318252317274,0.0,0.0,0.0
1609056356284540000,3328,1609056356284540000,-6.50519531662,-1.4579589204,1.36143965374,0.97103738962,-0.236871171001,0.0310882434518,0.00345795125392,0.00608200513205,-0.000548899806806,-0.000190686242218,0.0,0.0,0.0
1609056356384567000,3329,1609056356384567000,-6.5051585391,-1.458028023,1.3614028403,0.971042536852,-0.236898513367,0.0307296015097,0.00334328882419,0.00607431503752,-0.000561230634003,-0.0017484369486,0.0,0.0,0.0
1609056356484599000,3330,1609056356484599000,-6.50552701505,-1.45840791858,1.36110813119,0.97106189855,-0.236853838414,0.0304657175256,0.00329976788287,0.00342249765341,0.000170028426158,0.000511211174442,0.0,0.0,0.0
1609056356584663000,3331,1609056356584663000,-6.50609508559,-1.45867163058,1.36076778409,0.971050669653,-0.236878860074,0.0306219182365,0.00336165730196,0.000734391099579,0.000413161018086,0.00246335122918,0.0,0.0,0.0
1609056356684632000,3332,1609056356684632000,-6.50704964851,-1.45894218135,1.36082649023,0.971039841877,-0.236873340608,0.0310031361585,0.00338401318277,0.0016515025625,0.000402459336188,0.00173278646807,0.0,0.0,0.0
1609056356784685000,3333,1609056356784685000,-6.50671916822,-1.45878215089,1.36109431902,0.971047687775,-0.236828904955,0.0310928768767,0.00341918866929,0.00398936222782,-0.00155487810822,-0.000666453077955,0.0,0.0,0.0
1609056356884692000,3334,1609056356884692000,-6.50635873253,-1.45862535931,1.36077153263,0.971047796034,-0.236864865857,0.0308172173391,0.00339297139587,0.00464030352084,-0.00288537317298,-0.00222613913148,0.0,0.0,0.0
1609056356984817000,3335,1609056356984817000,-6.50586132741,-1.45840354436,1.36017047096,0.971044955623,-0.236909003656,0.0305712409783,0.00334923454156,0.00310314224181,-0.00206418871143,-0.00112940713047,0.0,0.0,0.0
1609056357084766000,3336,1609056357084766000,-6.50450324553,-1.45805888944,1.35966847723,0.971050714572,-0.236876246958,0.0306411788223,0.00335730796221,0.00136150287016,-0.000995464225628,0.000558205210858,0.0,0.0,0.0
1609056357184785000,3337,1609056357184785000,-6.50499309352,-1.45823157345,1.35994437314,0.971037983447,-0.236889236,0.0309334738101,0.00344162292043,0.00101595758789,-0.0016265468285,0.000292377806171,0.0,0.0,0.0
1609056357284812000,3338,1609056357284812000,-6.50530359447,-1.45816996147,1.36026167658,0.971032514528,-0.236894551237,0.0310629068817,0.00345299002082,0.00362819989106,-0.00184075635011,-0.00243702974536,0.0,0.0,0.0
1609056357384901000,3339,1609056357384901000,-6.50478702977,-1.45791445888,1.36011213851,0.971044367285,-0.236870094637,0.030881845233,0.00342150054856,0.00487917610625,-0.00242676231001,-0.00319489262716,0.0,0.0,0.0
1609056357484889000,3340,1609056357484889000,-6.50504965312,-1.4581863907,1.35997432285,0.971046732562,-0.236891543387,0.0306477483073,0.00336977388012,0.00338833836383,-0.00272991903914,-0.0024933998755,0.0,0.0,0.0
1609056357584920000,3341,1609056357584920000,-6.5058304189,-1.45855879104,1.35989808671,0.971046094249,-0.236893205557,0.0306565969291,0.00335634752354,0.00186538717057,-0.00198449546799,-0.00072538476518,0.0,0.0,0.0
1609056357684924000,3342,1609056357684924000,-6.50620753265,-1.45863183823,1.3598223153,0.971046041261,-0.236861833823,0.0308946056594,0.00340305316062,0.001083621416,-0.00164239449299,-0.000580626100479,0.0,0.0,0.0
1609056357784948000,3343,1609056357784948000,-6.50592112339,-1.45849319666,1.35987409233,0.9710394612,-0.236869003602,0.0310431195507,0.00342996406162,0.00288779960934,-0.00280493781777,-0.00190304692676,0.0,0.0,0.0
1609056357885006000,3344,1609056357885006000,-6.50528785977,-1.45833169195,1.35986735471,0.971038098864,-0.236892023787,0.0309149136109,0.00338345035881,0.00363798044825,-0.00280978909415,-0.00349638179202,0.0,0.0,0.0
1609056357985085000,3345,1609056357985085000,-6.50536574542,-1.45842328948,1.35972528938,0.971047814531,-0.236877342091,0.0307252295146,0.00335066701359,0.00247956853298,-0.00299531662415,-0.00313670713582,0.0,0.0,0.0
1609056358085063000,3346,1609056358085063000,-6.50570575103,-1.45855573512,1.35952462994,0.971044476309,-0.236895312704,0.0306910357096,0.00336097841782,0.000759415872413,-0.00205323994148,-0.00129117379532,0.0,0.0,0.0
1609056358185067000,3347,1609056358185067000,-6.5060798845,-1.45872779446,1.35946927867,0.971040804822,-0.236885797011,0.0308765114505,0.00339346231768,0.000745689329816,-0.00233576152447,-0.00123026578374,0.0,0.0,0.0
1609056358285127000,3348,1609056358285127000,-6.50576921478,-1.45846938597,1.35949556475,0.971041270072,-0.236866234372,0.0310110838347,0.00339875132189,0.00233264456532,-0.0024234664897,-0.00274610225989,0.0,0.0,0.0
1609056358385118000,3349,1609056358385118000,-6.50537583436,-1.45820607537,1.35952650638,0.971041505772,-0.236874262349,0.030942658255,0.00339555666405,0.0027250490466,-0.00347419857932,-0.00352964860845,0.0,0.0,0.0
1609056358485144000,3350,1609056358485144000,-6.50522737354,-1.45823152407,1.35937607478,0.971040916095,-0.236900977869,0.0307608196848,0.00335230179118,0.0024893151475,-0.0030171553668,-0.00383330209267,0.0,0.0,0.0
1609056358585176000,3351,1609056358585176000,-6.5056149809,-1.45852829399,1.35927674953,0.971048278572,-0.236874901019,0.0307308188942,0.00333747205431,0.00132373342994,-0.00310720441492,-0.00220237093733,0.0,0.0,0.0
1609056358685216000,3352,1609056358685216000,-6.50560070764,-1.45856267838,1.3590722933,0.971043529069,-0.236875774017,0.0308697749111,0.00337480869565,0.00125405447321,-0.00313767651385,-0.00245654457713,0.0,0.0,0.0
1609056358785249000,3353,1609056358785249000,-6.5054453767,-1.4584887561,1.35909205645,0.971038203047,-0.236880272201,0.0310020559751,0.00337896287423,0.00214615547553,-0.00397289636769,-0.00321759124535,0.0,0.0,0.0
1609056358885268000,3354,1609056358885268000,-6.50491748608,-1.45820270712,1.35887615271,0.971037538327,-0.236888261216,0.0309579906389,0.00341374774158,0.00263604635634,-0.00487114985087,-0.00506664930916,0.0,0.0,0.0
1609056358985309000,3355,1609056358985309000,-6.50476553184,-1.45814748882,1.35873443051,0.971038224379,-0.236904487349,0.0308136381991,0.00339858356297,0.00186053428825,-0.00526968634951,-0.00423658533414,0.0,0.0,0.0
1609056359085332000,3356,1609056359085332000,-6.50480471495,-1.45821678303,1.35864016829,0.97103839344,-0.236911935101,0.0307537563251,0.0033734174031,0.00106280580365,-0.00397593284136,-0.00289497842473,0.0,0.0,0.0
1609056359185399000,3357,1609056359185399000,-6.50524880883,-1.45838014979,1.35876670497,0.971040995167,-0.23688576531,0.0308712971995,0.00338864400201,0.000859152425375,-0.00418045203049,-0.00231753188504,0.0,0.0,0.0
1609056359285404000,3358,1609056359285404000,-6.50542339295,-1.45833062881,1.35883549612,0.971040218287,-0.236874557,0.0309793307453,0.00340878018294,0.00134332290874,-0.00460639067753,-0.0017298060117,0.0,0.0,0.0
1609056359385447000,3359,1609056359385447000,-6.50532360913,-1.45826297659,1.35885891186,0.971037675952,-0.236887532384,0.030959509216,0.00341140325301,0.00246424887525,-0.00513101199403,-0.00355498535739,0.0,0.0,0.0
1609056359485479000,3360,1609056359485479000,-6.50491646306,-1.45816803675,1.35871709306,0.971041101666,-0.236890540881,0.0308298687077,0.00340142785276,0.0012171140008,-0.0053675011921,-0.00321920983732,0.0,0.0,0.0
1609056359585481000,3361,1609056359585481000,-6.50527404987,-1.45843741272,1.35867531856,0.971042676297,-0.236890677771,0.0307771485257,0.00341975488811,-9.06987712078e-05,-0.00590461399893,-0.00232112676986,0.0,0.0,0.0
1609056359685546000,3362,1609056359685546000,-6.50526446814,-1.45845046574,1.35839769142,0.971037577888,-0.236899188663,0.0308666294075,0.00347101262607,-0.00065715552219,-0.00597961645563,-0.00304821323977,0.0,0.0,0.0
1609056359785556000,3363,1609056359785556000,-6.50464067729,-1.45803076479,1.35796892329,0.971034399083,-0.236897489264,0.0309795226943,0.00347052598064,0.000296547273571,-0.00647132257089,-0.00350760750723,0.0,0.0,0.0
1609056359885595000,3364,1609056359885595000,-6.50408145018,-1.45772989742,1.35766854219,0.9710323457,-0.236907160957,0.0309699838736,0.00346998435927,0.000718525339361,-0.00607875003287,-0.0039110083175,0.0,0.0,0.0
1609056359985586000,3365,1609056359985586000,-6.50385481978,-1.45771045268,1.35756048152,0.97103420879,-0.23691289749,0.0308710936386,0.00343801388212,0.000604557389689,-0.00554928737553,-0.00449568603578,0.0,0.0,0.0
1609056360085624000,3366,1609056360085624000,-6.5041013215,-1.4579966515,1.35773611495,0.971038766387,-0.236903159908,0.0308032589819,0.00343019461173,0.000305404503326,-0.00600328352157,-0.00445194210545,0.0,0.0,0.0
1609056360185685000,3367,1609056360185685000,-6.50397883044,-1.45804876695,1.35757024827,0.971034605565,-0.236912322577,0.0308619349095,0.00344777895812,-0.000376838657378,-0.00593719094838,-0.00362983468809,0.0,0.0,0.0
1609056360285676000,3368,1609056360285676000,-6.50394862362,-1.45800963902,1.35759467753,0.9710324783,-0.236907158247,0.0309664206811,0.00346485899788,0.000584664505984,-0.00571567511009,-0.00400791357187,0.0,0.0,0.0
1609056360385830000,3369,1609056360385830000,-6.50369236379,-1.45780445593,1.35743175722,0.971031325001,-0.236912861057,0.030960200691,0.00345370900081,0.00103743176582,-0.00549919192147,-0.00453570672709,0.0,0.0,0.0
1609056360485961000,3370,1609056360485961000,-6.50350060668,-1.45770119397,1.35724162376,0.971034980709,-0.236908794886,0.0308782431454,0.00343849458849,0.000489034769678,-0.00556945457623,-0.00493419155374,0.0,0.0,0.0
1609056360585781000,3371,1609056360585781000,-6.5027284154,-1.4574264473,1.35655386835,0.97103225852,-0.236926451948,0.0308293560773,0.00342929797899,2.4698163625e-05,-0.00575902210971,-0.00384498522768,0.0,0.0,0.0
1609056360685906000,3372,1609056360685906000,-6.50013223107,-1.45641164656,1.35387349634,0.97102309461,-0.236954783402,0.0308983676732,0.00344546551286,-0.000991299658437,-0.00391881251206,-0.00258139935733,0.0,0.0,0.0
1609056360785964000,3373,1609056360785964000,-6.49737911476,-1.4554284832,1.35040617999,0.971014138315,-0.236975396467,0.0310171640513,0.00348427834457,-0.000420999313218,-0.00319568093868,-0.00308101471135,0.0,0.0,0.0
1609056360885889000,3374,1609056360885889000,-6.49666300554,-1.45519844739,1.34969875459,0.971012763585,-0.236981463141,0.031015171476,0.00347249494188,0.000743521687521,-0.0034073616862,-0.00283648148229,0.0,0.0,0.0
1609056360985946000,3375,1609056360985946000,-6.49667704142,-1.45534698045,1.35014322098,0.971018562217,-0.236968578274,0.0309346006368,0.00344894533707,0.000692860744825,-0.00362280188294,-0.00241857182384,0.0,0.0,0.0
1609056361085925000,3376,1609056361085925000,-6.49687478905,-1.45557031323,1.35024482787,0.971019047081,-0.236972414025,0.0308913070239,0.00343690944481,-0.000195340915897,-0.00277898394297,-0.00248707249644,0.0,0.0,0.0
1609056361185989000,3377,1609056361185989000,-6.49647638572,-1.45534094607,1.34967526772,0.971015485884,-0.23698179444,0.0309265937534,0.00347866017092,-0.000471898600583,-0.00272479311308,-0.00228793172615,0.0,0.0,0.0
1609056361286069000,3378,1609056361286069000,-6.49565194279,-1.45507645703,1.34909974607,0.971012441717,-0.236983331256,0.0310075216801,0.00350318957053,-0.000345293069619,-0.00306743040386,-0.00176402066431,0.0,0.0,0.0
1609056361386079000,3379,1609056361386079000,-6.49549530364,-1.45505154417,1.34907801919,0.971010168057,-0.236991819439,0.0310132637168,0.00350835042824,-8.39013576016e-05,-0.00360267796818,-0.00259790407225,0.0,0.0,0.0
1609056361486092000,3380,1609056361486092000,-6.49596690724,-1.4552829276,1.34954700379,0.971012841694,-0.236990497717,0.0309426206059,0.00348130535432,8.77290441382e-05,-0.0035369909008,-0.00294412219356,0.0,0.0,0.0
1609056361586085000,3381,1609056361586085000,-6.49612509745,-1.45538678266,1.34955914064,0.971016052349,-0.236980977744,0.0309137992993,0.00348988255326,-0.000399029110691,-0.0040075114954,-0.00228039457021,0.0,0.0,0.0
1609056361686172000,3382,1609056361686172000,-6.49596486021,-1.45521033443,1.34918251961,0.971012141511,-0.236994699319,0.0309307786589,0.00349577821457,-0.000515511446754,-0.00369151669128,-0.00221308277324,0.0,0.0,0.0
1609056361786188000,3383,1609056361786188000,-6.49562057916,-1.45499471246,1.34917356721,0.971009564186,-0.236996176896,0.0310004201809,0.00349461656675,-0.000779797020306,-0.00352680398275,-0.00164871082274,0.0,0.0,0.0
1609056361886255000,3384,1609056361886255000,-6.49557308455,-1.4550148226,1.34935162272,0.971010305411,-0.23699249872,0.0310040169082,0.00350617611766,-0.00105535482843,-0.00393449741851,-0.00218281193395,0.0,0.0,0.0
1609056361986162000,3385,1609056361986162000,-6.49588006214,-1.45504867416,1.34950211255,0.971011213856,-0.236997307794,0.030939621817,0.00349835207993,-0.00145451837414,-0.00338422549884,-0.00408457899223,0.0,0.0,0.0
1609056362086276000,3386,1609056362086276000,-6.49607964963,-1.45508905263,1.34956677795,0.971012780844,-0.236996071792,0.0308991028865,0.00350525811979,-0.00207852028661,-0.00393098981689,-0.00382938366038,0.0,0.0,0.0
1609056362186705000,3387,1609056362186705000,-6.49607390085,-1.45516332337,1.34936665068,0.971011966422,-0.236996126056,0.0309216973864,0.00352787897713,-0.00233443152722,-0.00381388338701,-0.00337949961997,0.0,0.0,0.0
1609056362286322000,3388,1609056362286322000,-6.49616405038,-1.45514407555,1.34920427865,0.971009960322,-0.236995376901,0.0309901187922,0.00352998859424,-0.00291299242448,-0.00376485440254,-0.0038743126766,0.0,0.0,0.0
1609056362386381000,3389,1609056362386381000,-6.49617954672,-1.455067758,1.34920743587,0.971009035416,-0.236997477594,0.0310025136399,0.0035345301233,-0.00294104108949,-0.00403078012506,-0.00372475584674,0.0,0.0,0.0
1609056362486372000,3390,1609056362486372000,-6.49601740624,-1.45503224317,1.34926119882,0.971009994522,-0.236998883287,0.030962086537,0.0035311551763,-0.00292957173892,-0.00404101324316,-0.00392279224326,0.0,0.0,0.0
1609056362586439000,3391,1609056362586439000,-6.49571475065,-1.45493010965,1.34901992751,0.971007349273,-0.237014986883,0.0309216625364,0.00353191685924,-0.00344101492725,-0.00398187177289,-0.00378626441404,0.0,0.0,0.0
1609056362686507000,3392,1609056362686507000,-6.49543164939,-1.45488856135,1.3487509305,0.9710058926,-0.237017684383,0.0309481361126,0.0035194739446,-0.00310907550267,-0.00334913693105,-0.00357354056518,0.0,0.0,0.0
1609056362786425000,3393,1609056362786425000,-6.49533220977,-1.45481735709,1.34864171068,0.97100662964,-0.237008234869,0.0309944643814,0.00354471121208,-0.00245091945937,-0.00314283239887,-0.00367439347832,0.0,0.0,0.0
1609056362886812000,3394,1609056362886812000,-6.49553372028,-1.4548679572,1.34887903376,0.971006955573,-0.237006154124,0.0309985016725,0.00355921757711,-0.00204113471092,-0.00404886282465,-0.00412071138942,0.0,0.0,0.0
1609056362986528000,3395,1609056362986528000,-6.49592382293,-1.45496627691,1.34915499205,0.971009380033,-0.237002407514,0.0309545905588,0.00352931199194,-0.00175545417298,-0.00386112951468,-0.00441955071507,0.0,0.0,0.0
1609056363086554000,3396,1609056363086554000,-6.49592307544,-1.45498241316,1.34926352191,0.971007727865,-0.237014014493,0.0309179263114,0.00352578979341,-0.00224830764684,-0.00305373382357,-0.00412002890647,0.0,0.0,0.0
1609056363186942000,3397,1609056363186942000,-6.4959607095,-1.45504441415,1.34931589322,0.971008876592,-0.237008188174,0.0309272581125,0.00351923638064,-0.00264194882625,-0.00253915524651,-0.00365953087782,0.0,0.0,0.0
1609056363287065000,3398,1609056363287065000,-6.49623912042,-1.45508012766,1.3494156193,0.971009488098,-0.236999607271,0.0309712837651,0.00354115219214,-0.00249172535324,-0.00241321079465,-0.0036504784594,0.0,0.0,0.0
1609056363386629000,3399,1609056363386629000,-6.4961415445,-1.45504177632,1.34953317341,0.971008041084,-0.237003186041,0.0309888345501,0.00354486810309,-0.00247473392247,-0.00289066946742,-0.00412387382557,0.0,0.0,0.0
1609056363486636000,3400,1609056363486636000,-6.49610620699,-1.4550587309,1.34959096407,0.971009869165,-0.236999623201,0.0309613651271,0.0035222800124,-0.00263812636484,-0.00289973408647,-0.00407234215157,0.0,0.0,0.0
1609056363586680000,3401,1609056363586680000,-6.49613847439,-1.45495574257,1.34938236402,0.971008221786,-0.23700935156,0.0309388551195,0.00351962227168,-0.00268303207387,-0.0021970495261,-0.00414342688726,0.0,0.0,0.0
1609056363686750000,3402,1609056363686750000,-6.49623024428,-1.45486785194,1.3492356544,0.971006109539,-0.237017181518,0.030944271706,0.00352745693324,-0.00334439801835,-0.00258044163437,-0.00328552017892,0.0,0.0,0.0
1609056363786752000,3403,1609056363786752000,-6.49659987645,-1.45489266613,1.34933247051,0.971007291312,-0.237007914963,0.0309780021145,0.00352871761736,-0.00326758532135,-0.00199666779193,-0.00276916404278,0.0,0.0,0.0
1609056363887179000,3404,1609056363887179000,-6.49694072772,-1.4550659937,1.34962798161,0.971007343914,-0.237006882952,0.0309823307182,0.00354551573034,-0.00285549160311,-0.00216913652102,-0.00298937182083,0.0,0.0,0.0
1609056363986897000,3405,1609056363986897000,-6.49677535878,-1.45511918407,1.34969838837,0.971008249744,-0.237006864219,0.0309576627381,0.00351402327983,-0.00257660509734,-0.00141381999397,-0.00284580202386,0.0,0.0,0.0
1609056364087201000,3406,1609056364087201000,-6.4966794051,-1.45504491796,1.34960017527,0.971009405641,-0.237005237385,0.0309349654849,0.00350421449693,-0.00259858149353,-0.000542524510584,-0.00298669089926,0.0,0.0,0.0
1609056364186899000,3407,1609056364186899000,-6.49661769289,-1.45501328538,1.34953108328,0.971008428274,-0.237007739293,0.0309484184847,0.0034869943907,-0.00205415025402,0.000303999120771,-0.00341121229324,0.0,0.0,0.0
1609056364286938000,3408,1609056364286938000,-6.49652033337,-1.45498680007,1.34948811482,0.971007114387,-0.237009907821,0.0309712362695,0.00350284566039,-0.00191338714143,-0.000382697211889,-0.00354818089065,0.0,0.0,0.0
1609056364386900000,3409,1609056364386900000,-6.49678871987,-1.45502579701,1.34972012908,0.971006515313,-0.237010811869,0.0309848770943,0.00348707161222,-0.00257718970742,-9.22763190785e-05,-0.00336628994771,0.0,0.0,0.0
1609056364486948000,3410,1609056364486948000,-6.49712166833,-1.45508582804,1.35003728622,0.971008044035,-0.237007825001,0.0309574047702,0.0035083327253,-0.00303628610316,-0.000570041693587,-0.0032494624497,0.0,0.0,0.0
1609056364587046000,3411,1609056364587046000,-6.497373249,-1.45531932681,1.35024360061,0.971008929269,-0.237007866975,0.0309300303827,0.0035019270678,-0.00350942529095,-0.00168771386958,-0.00232333405222,0.0,0.0,0.0
1609056364687179000,3412,1609056364687179000,-6.50893563287,-1.45925655749,1.36357606479,0.971095996273,-0.236684824817,0.0306947810068,0.0032695785008,0.000856791609423,0.000724807657817,0.000980410453167,0.0,0.0,0.0
1609056364787104000,3413,1609056364787104000,-6.51004724149,-1.45976393303,1.36322745427,0.971097299715,-0.236676099232,0.0307218270666,0.00326004282556,7.27376528915e-05,0.000682554129542,0.000585987215534,0.0,0.0,0.0
1609056364887072000,3414,1609056364887072000,-6.51013389122,-1.45970960529,1.36324089676,0.971098743102,-0.236669756676,0.0307252521954,0.00325826623105,0.000401647265081,0.000805223734966,0.000680447776879,0.0,0.0,0.0
1609056364987096000,3415,1609056364987096000,-6.51031547065,-1.45971560503,1.36325664357,0.971097863641,-0.236676654431,0.0306980307687,0.00327587942758,-0.000228511846477,0.000306881672287,0.000263912703093,0.0,0.0,0.0
1609056365087150000,3416,1609056365087150000,-6.5101522793,-1.45969973199,1.36328470744,0.971096743767,-0.236684107521,0.0306774001089,0.00326260849973,0.000887769175837,0.000391907270858,0.000316982839798,0.0,0.0,0.0
1609056365187145000,3417,1609056365187145000,-6.5101501487,-1.45974182284,1.36324843672,0.971097559982,-0.236677820967,0.03070060609,0.00325742921066,-0.000192698798753,0.000612477278319,0.00087257799968,0.0,0.0,0.0
1609056365287168000,3418,1609056365287168000,-6.51016504675,-1.45968284021,1.36327368618,0.971097136292,-0.23667605528,0.0307245901719,0.00328577259752,-0.00043842057749,0.00042335591308,3.25937624894e-05,0.0,0.0,0.0
1609056365387255000,3419,1609056365387255000,-6.51019852899,-1.45967991318,1.36328387296,0.971097192819,-0.236674047886,0.0307388350349,0.00328042326728,0.000379731066848,-3.26360053246e-05,0.000381234380781,0.0,0.0,0.0
1609056365487240000,3420,1609056365487240000,-6.51027805756,-1.45967910801,1.36325110784,0.971098926939,-0.236670937717,0.0307100409242,0.00326109271537,0.000293510532991,0.000745302425981,-6.49611137106e-05,0.0,0.0,0.0
1609056365587303000,3421,1609056365587303000,-6.51016911072,-1.45969842002,1.36327963602,0.971097683502,-0.236677734049,0.0306983567319,0.00324810663459,0.00063704522614,0.000494891678078,0.000691609757506,0.0,0.0,0.0
1609056365687287000,3422,1609056365687287000,-6.50998233727,-1.45974625961,1.36330684609,0.971100997584,-0.23666336714,0.0307013443093,0.00327575993247,5.00056417593e-05,7.94739522343e-05,0.000198873048726,0.0,0.0,0.0
1609056365787337000,3423,1609056365787337000,-6.51023114007,-1.45980813073,1.36329430979,0.971099563584,-0.236665805012,0.0307267949639,0.00328609430616,-0.000606004367725,0.000189096026664,0.000343705653712,0.0,0.0,0.0
1609056365887556000,3424,1609056365887556000,-6.51027151078,-1.45978465731,1.36333539958,0.971098033397,-0.236671789169,0.0307297835225,0.00327935195918,0.00125644443559,0.00107000366135,0.000332280276959,0.0,0.0,0.0
1609056365987420000,3425,1609056365987420000,-6.51032121659,-1.45979615869,1.36329441097,0.971099320852,-0.236669449053,0.0307078546906,0.00327239753583,-0.00029780932049,0.000479993615743,0.000748844645352,0.0,0.0,0.0
1609056366087435000,3426,1609056366087435000,-6.51027933221,-1.45977017457,1.36329693727,0.971102149118,-0.236660186228,0.030691647587,0.00325499631695,0.000184406273637,0.000719138585496,0.000344399640558,0.0,0.0,0.0
1609056366187459000,3427,1609056366187459000,-6.51017045432,-1.45970634596,1.3633129471,0.971101489113,-0.236659065676,0.0307194339218,0.00327121619006,-0.00055560530268,0.000163259895238,0.000230513184683,0.0,0.0,0.0
1609056366287461000,3428,1609056366287461000,-6.51001139225,-1.45964921906,1.36337817738,0.97109982346,-0.236663048039,0.0307420214345,0.0032653770877,0.000369422072279,0.000686636554238,0.000624909506449,0.0,0.0,0.0
1609056366387494000,3429,1609056366387494000,-6.50977467819,-1.4596711735,1.36337800565,0.971101527931,-0.236655572585,0.0307453236473,0.00326917255979,0.000857875874611,1.81879209873e-05,0.000136651890318,0.0,0.0,0.0
1609056366487515000,3430,1609056366487515000,-6.50969279105,-1.45967251624,1.36338453898,0.971101108757,-0.236661460168,0.0307129783481,0.00327151400038,-2.29179052533e-06,0.00067454524985,0.000602078202452,0.0,0.0,0.0
1609056366587636000,3431,1609056366587636000,-6.50977965801,-1.45969811568,1.36336118598,0.971103172884,-0.236654189263,0.0307056892673,0.00325314692901,-0.000318002901262,0.000159468635739,0.000255410797141,0.0,0.0,0.0
1609056366687757000,3432,1609056366687757000,-6.50968318401,-1.45966984827,1.36332860302,0.971103248848,-0.236651246354,0.0307249601952,0.00326259047636,-5.7806588639e-05,0.000845603219035,0.000127131851739,0.0,0.0,0.0
1609056366787610000,3433,1609056366787610000,-6.50954485057,-1.45972562684,1.36337322318,0.971101795063,-0.236653229423,0.0307543488705,0.00327454639815,0.000397764734926,0.000219189175732,0.000640834360516,0.0,0.0,0.0
1609056366887628000,3434,1609056366887628000,-6.50966919043,-1.4597118934,1.3633728097,0.971100472256,-0.236657756414,0.0307587470708,0.00329827114467,-0.000295948350577,2.65743491986e-05,0.000226105693019,0.0,0.0,0.0
1609056366987682000,3435,1609056366987682000,-6.50959935235,-1.45967980332,1.3633854638,0.97109864261,-0.236667666122,0.0307426065784,0.00327632010144,0.000245640123308,0.000563221360869,0.000634096424837,0.0,0.0,0.0
1609056367087737000,3436,1609056367087737000,-6.50950751264,-1.45970721441,1.36336359097,0.97109997271,-0.236663635552,0.0307309085164,0.00328296676091,-0.000547916623545,0.000844014588537,0.000233154053769,0.0,0.0,0.0
1609056367187785000,3437,1609056367187785000,-6.50964148412,-1.45975580464,1.36334244297,0.971100173924,-0.236660381544,0.0307489285944,0.00328928615383,-0.000522284593497,0.000411096671479,-0.000129722564064,0.0,0.0,0.0
1609056367287793000,3438,1609056367287793000,-6.50946919066,-1.45973920299,1.36335192287,0.971099748461,-0.236658886767,0.0307713727544,0.0033124723018,0.000686275660462,-4.38117532565e-05,0.000647188839886,0.0,0.0,0.0
1609056367387812000,3439,1609056367387812000,-6.50952021376,-1.45973927598,1.36336860376,0.971097937158,-0.236667280837,0.0307654071945,0.00329914350197,0.000411134129855,0.000216832368917,0.000314259563599,0.0,0.0,0.0
1609056367487818000,3440,1609056367487818000,-6.50962874316,-1.45973336181,1.3633910215,0.971097986866,-0.23666917191,0.0307494590843,0.00329753527378,0.000186698222776,0.000308601381511,0.000474301942929,0.0,0.0,0.0
1609056367587835000,3441,1609056367587835000,-6.50954937358,-1.45964355313,1.36341965289,0.971100469325,-0.236660608692,0.0307384892283,0.00328329877233,-0.000343456458908,0.00111977622192,0.000443030366182,0.0,0.0,0.0
1609056367687952000,3442,1609056367687952000,-6.50965358458,-1.45973108842,1.3634061395,0.971100719657,-0.236656876131,0.0307599196963,0.00327759076519,-0.000531702228948,0.000164443112475,0.000344438048474,0.0,0.0,0.0
1609056367787839000,3443,1609056367787839000,-6.50976968599,-1.45976734443,1.3633873856,0.971099091408,-0.23666298194,0.0307611989713,0.00330700534607,0.000185144855504,0.000421935806686,-1.75468174799e-06,0.0,0.0,0.0
1609056367888262000,3444,1609056367888262000,-6.50964732639,-1.45969287206,1.36335557534,0.971101136448,-0.236653752566,0.0307666929911,0.0033158390416,-0.000262564941467,0.000129329575487,0.000544469072248,0.0,0.0,0.0
1609056367987997000,3445,1609056367987997000,-6.50952765229,-1.45972993132,1.36336349612,0.971101056082,-0.236656407655,0.0307511691613,0.0032938104328,0.000255893784089,0.000156101430451,0.000571755574461,0.0,0.0,0.0
1609056368087974000,3446,1609056368087974000,-6.50976954144,-1.45978309557,1.36334488218,0.971100854592,-0.236657768712,0.0307485818013,0.00327954827577,-6.72532219599e-05,0.000720495198549,-5.50960143898e-05,0.0,0.0,0.0
1609056368188013000,3447,1609056368188013000,-6.50966343405,-1.45975123733,1.36335381672,0.971101380812,-0.236655808885,0.0307467234018,0.00328257606583,0.000167158559061,0.000738870347142,0.000258413107531,0.0,0.0,0.0
1609056368288039000,3448,1609056368288039000,-6.50943432825,-1.45977167228,1.363374581,0.971096560893,-0.236674974081,0.0307495105294,0.00330055563902,0.000521326000683,-9.87769847424e-05,0.000585035645436,0.0,0.0,0.0
1609056368388098000,3449,1609056368388098000,-6.50946195304,-1.45974913837,1.36333509131,0.971098679966,-0.236666278317,0.0307503909355,0.00329240551612,-0.000144785216463,0.000371527130474,6.40987551197e-05,0.0,0.0,0.0
1609056368488125000,3450,1609056368488125000,-6.50961357488,-1.45978420523,1.36335722466,0.971103091791,-0.236649236455,0.0307439722447,0.00327599905278,-0.000467142428964,0.000239501586621,0.000341175212952,0.0,0.0,0.0
1609056368588165000,3451,1609056368588165000,-6.50967334081,-1.45987630334,1.36335996957,0.971100838715,-0.236661370827,0.0307209847298,0.00328294119159,0.000773497515263,0.000405491580825,0.000548891846065,0.0,0.0,0.0
1609056368688217000,3452,1609056368688217000,-6.50956990837,-1.4599097415,1.36337789553,0.971104098433,-0.236646420395,0.0307340983368,0.00327367061556,-0.000666254732431,-0.000229621104191,0.000371597022006,0.0,0.0,0.0
1609056368788244000,3453,1609056368788244000,-6.5095197358,-1.45980781792,1.36336653615,0.97110215057,-0.236653732395,0.0307371903993,0.00329381670329,-0.000362100801297,0.00028229986418,0.000329032885406,0.0,0.0,0.0
1609056368888279000,3454,1609056368888279000,-6.50959013697,-1.45973931916,1.36334592296,0.971099165229,-0.236666131765,0.030739085872,0.00326526669892,0.000263959342687,0.000465437210749,-3.33421105188e-05,0.0,0.0,0.0
1609056368988264000,3455,1609056368988264000,-6.50970711699,-1.45968904049,1.36339139528,0.97110215013,-0.23665531803,0.0307275731437,0.00326966523036,2.11617454693e-05,0.000136309771322,0.000424435210902,0.0,0.0,0.0
1609056369088292000,3456,1609056369088292000,-6.50958577269,-1.4597086307,1.3633850445,0.971102632287,-0.236652817413,0.0307306927595,0.0032781242266,-0.000508180324716,0.0001346620338,0.000466723387509,0.0,0.0,0.0
1609056369188309000,3457,1609056369188309000,-6.5095808987,-1.45968490937,1.36337149455,0.971100844912,-0.236660905418,0.0307240885669,0.00328561089847,9.17277944115e-05,0.000274014813995,0.00036382564616,0.0,0.0,0.0
1609056369288344000,3458,1609056369288344000,-6.50961688851,-1.45961981766,1.36342614399,0.971102127089,-0.236655021375,0.0307304842276,0.00327062066594,8.10199132373e-05,1.45901457663e-05,0.000957149024633,0.0,0.0,0.0
1609056369388409000,3459,1609056369388409000,-6.50936674546,-1.45967800672,1.36339249762,0.971101391306,-0.23665787507,0.0307320220445,0.00326814796445,-0.000573637601918,-0.000199394152325,0.000192967920605,0.0,0.0,0.0
1609056369488427000,3460,1609056369488427000,-6.50929202138,-1.45969138652,1.36338177695,0.971099601521,-0.236667288511,0.030715841644,0.00327040467302,-0.000204322425886,0.000135681249528,0.000511472959832,0.0,0.0,0.0
1609056369588425000,3461,1609056369588425000,-6.50940979663,-1.4596732405,1.36342180902,0.971101058684,-0.236661564918,0.0307153382954,0.00325660980592,8.87246165195e-05,9.34066635788e-05,0.000742558821802,0.0,0.0,0.0
1609056369688445000,3462,1609056369688445000,-6.50930461692,-1.45969974418,1.36342011639,0.971100657473,-0.236662040298,0.0307233926648,0.00326571289341,0.00031551136351,-2.7167539495e-05,-6.31789592075e-05,0.0,0.0,0.0
1609056369788531000,3463,1609056369788531000,-6.50899508364,-1.45969008288,1.36345604331,0.971097375864,-0.236676887246,0.0307117431146,0.00327512877547,0.000110045309308,0.000558054082372,0.000235507956277,0.0,0.0,0.0
1609056369888546000,3464,1609056369888546000,-6.50914719342,-1.45974477103,1.36343505944,0.971100558562,-0.236663328564,0.0307179400757,0.00325303423865,0.000258288911075,0.000162310117488,6.45388223734e-05,0.0,0.0,0.0
1609056369988565000,3465,1609056369988565000,-6.50943283931,-1.45979292743,1.36342819758,0.971099561975,-0.236668261794,0.0307099713328,0.00326684129106,-0.000182240490454,0.000186877033259,0.000688573443323,0.0,0.0,0.0
1609056370088575000,3466,1609056370088575000,-6.50937573978,-1.45982533195,1.36343073083,0.971097888336,-0.23667528791,0.0307077641505,0.00327606216083,-0.000297419201117,-9.74124759731e-06,0.000303233977777,0.0,0.0,0.0
1609056370188624000,3467,1609056370188624000,-6.50932153971,-1.45983481362,1.36345489021,0.971100058212,-0.236666315191,0.0307105750266,0.00325465447649,0.00013210758584,0.000488315716617,0.000517180112668,0.0,0.0,0.0
1609056370288703000,3468,1609056370288703000,-6.50939408574,-1.45981828024,1.36345267867,0.971099942672,-0.236665859949,0.030715810049,0.00327278018005,-0.000334148237081,0.000464575827623,0.000310330560295,0.0,0.0,0.0
1609056370388712000,3469,1609056370388712000,-6.50921834724,-1.45976458379,1.36347823014,0.971095885445,-0.236682108142,0.030718700781,0.00327450458035,0.000707769937723,2.83707795936e-05,0.000349786202863,0.0,0.0,0.0
1609056370488735000,3470,1609056370488735000,-6.50917079323,-1.45969638175,1.36344813189,0.971101321737,-0.236659280483,0.0307230883366,0.00327104336245,-0.00116821237872,0.000139304811204,-0.00029085412917,0.0,0.0,0.0
1609056370588757000,3471,1609056370588757000,-6.50908758918,-1.4597689783,1.36348046997,0.971098973571,-0.236670867926,0.0307080868271,0.00327065863163,0.00053498611693,0.000227773460599,0.00118168012153,0.0,0.0,0.0
1609056370688768000,3472,1609056370688768000,-6.50919417447,-1.45980197961,1.36348878391,0.971096321857,-0.236682240123,0.0307063166618,0.0032516153666,-0.000192841865056,0.000400958841499,4.20385712163e-05,0.0,0.0,0.0
1609056370788810000,3473,1609056370788810000,-6.50943223457,-1.45973238166,1.36347499201,0.971101020684,-0.236660219976,0.0307280784852,0.0032454737628,1.65902034161e-05,0.000482965403017,0.000267878629805,0.0,0.0,0.0
1609056370888823000,3474,1609056370888823000,-6.50937014383,-1.45971933209,1.36351378592,0.971101809683,-0.236657400742,0.0307228699086,0.0032642257303,3.14217263981e-05,-0.000298658300295,0.000673494502235,0.0,0.0,0.0
1609056370988869000,3475,1609056370988869000,-6.50910006868,-1.45965494498,1.36351874482,0.971099058644,-0.236669339521,0.0307177939331,0.00326483814679,9.38054457594e-05,-0.000269699972896,0.000375382313946,0.0,0.0,0.0
1609056371088924000,3476,1609056371088924000,-6.50915616164,-1.45967046922,1.36348551262,0.971098162079,-0.236672363216,0.0307229541611,0.00326376830165,9.17077249793e-05,0.000223579056321,-7.09961800535e-06,0.0,0.0,0.0
1609056371189242000,3477,1609056371189242000,-6.50903966637,-1.45970861996,1.36351930769,0.971101470275,-0.236659428208,0.030716766385,0.00327562711972,0.000669622428077,-0.000364613436311,0.000436062772481,0.0,0.0,0.0
1609056371288941000,3478,1609056371288941000,-6.50912819127,-1.45973965221,1.36351972064,0.97109962625,-0.236666499118,0.0307217825174,0.00326437920113,-0.000628922980975,-4.99416278202e-05,6.36542293823e-05,0.0,0.0,0.0
